numberOfDependencies
80
124
89
65
36
191
58
62
53
73
49
52
58
63
40
52
86
84
82
156
92
52
55
69
39
79
61
42
62
53
46
57
125
49
48
37
58
61
68
233
79
56
103
82
48
39
126
113
64
140
48
35
102
106
51
32
46
110
73
78
87
63
57
51
62
45
62
76
91
104
59
52
94
97
69
54
45
62
50
47
38
52
104
49
64
92
74
33
111
80
90
97
52
64
58
100
65
37
58
91
54
44
30
65
41
61
42
44
247
72
60
83
51
57
50
76
75
47
65
204
77
62
91
57
49
71
51
81
41
82
41
43
67
132
42
34
108
122
103
72
47
65
71
29
34
56
47
90
42
57
43
106
74
45
37
96
120
55
40
54
23
49
43
68
95
84
41
25
28
60
46
95
163
51
26
52
104
44
61
58
29
32
35
78
51
55
240
37
36
79
107
124
90
52
39
48
29
39
44
47
50
38
47
39
53
102
48
106
62
41
58
60
47
58
30
37
292
27
46
77
38
33
42
44
31
45
32
56
159
31
37
28
158
34
27
46
27
40
25
39
43
30
38
31
27
24
46
118
48
36
52
22
34
63
33
42
37
42
28
35
30
57
30
35
87
125
45
91
90
51
25
30
45
41
85
123
59
72
102
73
94
37
61
40
105
50
32
38
29
161
50
27
22
17
45
38
45
66
108
45
21
34
24
31
71
24
29
52
16
50
55
54
21
42
51
67
35
73
23
21
46
113
42
72
30
84
40
37
39
47
66
32
27
40
33
37
142
69
23
41
30
34
91
40
52
35
110
23
46
22
30
82
108
36
20
31
26
24
46
29
28
24
29
26
27
40
114
35
25
30
26
36
225
34
33
37
34
29
27
43
33
40
24
31
64
37
42
32
24
27
33
20
19
27
36
25
170
26
27
31
22
23
26
26
27
31
81
28
26
55
25
30
31
21
28
21
20
24
23
38
35
31
33
33
28
31
19
34
23
28
33
75
43
30
40
26
31
21
33
30
34
27
26
36
41
26
102
31
30
28
24
21
33
35
24
23
90
35
30
40
24
27
42
24
33
21
40
34
29
29
31
36
25
58
31
42
24
20
39
30
29
26
29
28
42
32
35
28
38
67
44
103
38
107
38
39
36
23
29
35
32
17
35
24
32
41
31
41
49
24
24
65
34
69
27
19
52
27
21
39
31
27
34
16
36
30
28
29
53
22
60
42
26
37
65
56
94
77
103
134
23
36
46
23
27
44
29
49
31
49
26
48
24
53
67
33
44
31
27
23
42
44
35
36
55
25
34
48
58
22
25
28
25
55
43
33
55
32
43
45
32
34
56
18
30
25
40
26
104
56
24
46
53
27
48
58
27
42
39
27
42
41
43
41
25
38
55
38
38
29
74
32
30
50
25
30
35
96
40
22
49
46
29
29
33
26
115
46
30
40
26
32
158
54
28
53
51
46
25
45
49
54
47
32
40
24
30
33
53
37
32
28
42
35
29
36
48
34
45
41
33
34
44
45
46
51
28
31
48
44
36
22
18
26
57
14
55
36
38
75
132
72
23
40
31
42
55
35
35
45
61
66
37
51
64
32
32
37
59
33
48
69
63
53
35
45
71
64
72
27
26
36
28
58
26
20
22
37
28
35
29
36
55
23
32
39
22
59
42
27
56
74
38
43
34
27
30
23
30
39
27
39
40
252
41
60
29
48
21
32
34
71
51
39
51
65
16
197
26
36
30
112
32
105
20
48
51
35
18
20
27
58
58
36
36
32
37
30
36
55
40
55
30
38
36
32
22
32
92
40
34
81
34
37
36
99
32
61
39
72
41
63
50
99
37
61
44
39
51
30
164
87
45
44
40
43
36
23
46
31
105
117
114
49
68
16
43
37
37
40
93
24
40
25
21
173
37
30
40
20
23
41
43
30
40
38
78
69
100
66
76
24
32
30
70
21
52
29
75
25
34
28
33
28
37
65
24
30
31
36
25
35
42
48
100
79
39
30
38
24
44
36
30
45
54
30
39
119
24
28
41
22
35
24
43
26
27
39
138
22
43
47
32
41
36
27
33
42
23
22
25
22
23
24
27
29
18
31
42
26
28
28
21
22
25
32
40
31
120
27
27
28
29
39
30
44
23
28
35
107
32
22
120
31
34
24
35
127
30
141
40
29
32
30
28
31
30
106
29
28
29
26
25
28
20
54
22
27
29
28
34
29
51
35
39
55
16
26
33
18
33
24
28
28
31
101
68
52
40
25
36
27
26
55
50
31
38
25
44
30
67
24
37
53
25
57
53
27
46
56
58
56
18
136
59
24
19
96
27
41
34
24
27
49
19
21
36
228
34
39
16
33
29
31
19
30
165
78
80
85
40
72
88
48
55
51
61
56
72
65
48
48
217
53
62
106
40
49
70
134
47
48
40
53
160
115
44
89
47
78
86
90
56
54
201
53
63
47
142
29
178
169
46
74
149
39
48
68
73
62
29
70
110
37
42
36
58
121
78
50
56
109
140
44
60
107
87
77
54
49
30
64
46
70
57
45
87
56
51
54
76
44
34
64
118
138
64
34
51
98
60
37
38
42
29
52
46
96
119
43
54
44
80
38
87
55
37
44
37
28
48
47
36
45
35
40
69
59
43
66
62
197
56
42
67
78
143
145
83
52
38
70
122
66
98
58
56
54
72
111
45
36
34
39
36
85
59
52
47
88
111
54
36
81
70
36
30
64
64
61
74
56
51
75
74
82
57
39
61
68
61
64
62
33
45
56
44
30
33
43
118
50
63
43
115
42
250
37
28
38
207
133
49
40
54
149
46
33
55
45
32
52
78
69
42
48
35
65
49
98
65
99
49
46
55
49
45
62
28
62
63
40
45
71
42
33
51
53
51
61
39
47
54
42
53
40
51
47
39
66
69
44
44
65
51
48
56
42
52
43
54
75
48
66
64
65
49
76
30
117
102
63
57
37
72
61
49
42
74
98
73
36
55
35
49
91
57
58
36
41
34
34
28
50
29
36
31
34
39
34
37
30
101
44
29
116
31
22
76
29
26
29
33
27
27
79
64
27
30
30
41
34
90
38
22
38
30
58
71
60
32
32
27
66
40
47
35
65
90
84
59
38
46
19
75
59
80
38
92
30
45
54
25
23
41
42
39
45
42
33
25
30
62
83
33
26
24
43
35
57
42
58
72
58
56
29
39
23
32
28
46
33
45
34
50
45
31
35
31
35
31
36
22
32
27
30
46
59
31
39
48
55
28
34
66
41
32
19
27
29
25
44
37
45
38
30
30
38
27
58
32
25
26
32
101
71
31
26
32
55
24
35
33
37
25
49
38
36
28
26
44
32
38
35
34
31
18
22
41
44
45
46
222
38
22
33
30
32
35
70
45
77
34
31
26
41
31
56
21
36
28
42
62
42
79
36
19
75
46
30
27
58
36
30
72
44
32
23
35
36
27
31
32
65
98
27
58
60
50
42
33
41
78
72
29
36
27
55
62
39
63
62
74
79
30
31
61
46
37
37
59
45
33
33
70
28
27
71
55
42
77
72
38
27
62
63
34
32
70
42
35
38
37
68
33
46
32
67
58
53
25
31
37
53
31
35
25
35
72
36
74
57
30
22
29
60
32
58
67
56
47
49
35
75
57
29
52
34
83
36
76
40
175
52
34
87
47
37
33
32
69
71
37
41
30
87
35
36
26
40
63
59
104
41
47
59
58
46
57
43
63
51
33
58
93
73
36
40
42
35
36
83
34
38
33
30
51
48
53
68
28
42
51
48
45
39
37
65
41
34
38
35
27
59
29
34
48
62
34
25
35
56
36
27
57
52
45
24
36
38
25
59
42
53
23
43
62
32
58
38
30
27
47
40
36
37
31
46
38
27
52
27
31
27
39
17
29
36
27
26
28
29
25
46
36
34
35
28
33
40
23
39
21
35
27
30
40
31
26
39
18
35
32
42
27
34
32
33
32
32
39
32
22
28
21
30
30
33
38
44
38
37
36
33
32
25
27
31
47
58
28
31
32
74
43
46
41
29
43
58
33
41
38
22
73
29
41
37
26
43
34
66
32
24
55
21
36
74
39
35
34
65
44
38
23
33
50
28
45
185
93
69
34
35
26
35
40
30
33
27
25
31
23
61
57
23
31
49
37
32
49
67
61
38
35
23
75
28
42
39
33
51
25
37
35
32
65
34
32
26
21
48
14
23
78
51
36
78
27
23
38
27
33
24
24
99
32
96
25
59
29
45
15
77
25
34
33
28
27
35
15
28
29
19
31
17
29
24
20
32
29
25
28
32
26
27
26
34
24
21
28
25
23
36
36
30
27
26
32
35
32
23
21
37
28
29
34
20
23
25
16
30
30
24
24
31
26
29
22
23
27
33
23
31
21
25
29
14
33
33
26
25
22
23
24
21
33
20
18
24
20
21
25
23
32
26
20
28
26
29
29
22
33
29
27
26
25
19
25
29
26
31
34
26
23
26
14
19
28
21
28
27
21
26
24
22
19
15
15
32
24
27
19
30
25
20
27
25
34
20
27
32
20
28
22
19
24
29
27
24
27
32
17
32
29
21
149
27
23
28
23
34
28
34
25
29
27
20
27
16
31
24
23
25
20
17
26
12
27
24
26
23
18
19
15
27
18
26
24
22
15
22
24
31
16
28
25
27
29
21
37
43
242
25
26
26
29
25
26
14
29
22
33
21
17
27
34
37
22
32
24
22
20
23
23
25
27
21
30
24
37
26
15
29
25
24
21
20
114
20
28
38
40
19
40
15
33
28
28
22
23
19
21
23
19
18
25
22
29
18
25
25
26
23
54
48
45
27
45
22
26
41
13
36
37
22
43
33
38
75
21
24
49
27
25
24
25
38
47
72
35
28
31
19
27
47
26
25
55
30
30
29
17
26
33
34
37
70
27
45
43
24
33
66
76
35
20
19
22
32
26
28
23
31
21
30
20
43
22
28
35
64
47
32
20
68
24
28
17
71
44
12
24
22
61
65
17
28
31
25
49
57
26
27
22
21
44
22
68
61
71
23
42
26
27
22
44
29
76
62
20
67
65
70
69
36
41
28
33
48
73
58
32
49
67
25
37
23
22
25
30
63
30
35
31
21
60
23
31
18
26
23
30
33
22
32
31
24
24
50
30
26
22
25
28
17
25
26
27
20
31
20
30
56
63
25
24
29
59
19
19
64
64
19
26
62
26
40
67
26
23
25
67
64
61
27
26
27
45
34
49
24
28
25
26
23
21
32
50
28
22
47
24
16
47
32
31
21
43
32
26
25
32
30
26
29
29
39
20
23
21
21
29
22
29
26
15
32
28
18
27
27
27
21
29
24
22
22
33
14
16
31
20
28
19
25
29
32
23
30
29
24
22
17
22
15
41
26
24
21
30
27
25
22
19
34
24
24
23
15
20
29
25
27
20
27
32
30
27
26
18
26
22
30
28
23
20
27
12
23
27
26
27
29
20
20
20
53
28
27
26
21
25
37
21
48
60
24
27
8
18
20
20
19
29
31
12
29
16
22
18
20
22
26
17
28
51
48
37
59
32
20
20
7
26
24
37
44
30
18
28
24
23
36
20
32
27
12
25
25
248
29
32
23
28
30
28
25
27
30
36
29
26
25
25
27
19
21
17
19
21
22
25
23
24
24
24
33
24
15
27
19
20
28
25
26
28
30
12
27
20
25
41
27
27
96
14
31
31
20
26
38
18
15
23
14
8
21
20
18
19
21
25
21
22
22
10
84
26
18
28
14
22
19
21
20
21
29
18
31
19
21
29
38
22
22
15
27
30
21
24
26
29
28
22
24
21
20
19
27
22
26
23
24
18
26
24
22
19
20
23
25
21
37
15
27
20
23
30
24
20
27
23
22
19
26
17
17
46
33
28
23
54
51
34
20
22
23
23
19
17
19
26
23
24
39
21
80
19
33
74
43
46
44
25
39
13
38
28
57
40
25
34
23
18
41
200
25
14
57
42
32
32
88
52
25
26
28
40
43
26
26
21
24
30
27
14
55
58
22
25
19
19
36
37
49
27
26
13
44
27
17
15
21
33
17
27
24
29
27
23
47
26
63
92
26
19
23
57
23
24
19
23
93
24
14
19
24
133
31
26
31
18
26
27
28
22
20
12
22
39
25
29
193
28
22
59
21
23
8
27
22
9
19
45
25
35
24
29
22
49
23
24
25
45
22
21
24
20
25
29
25
24
27
24
21
22
30
25
47
121
18
23
19
24
23
23
20
27
19
15
131
23
21
27
22
19
23
36
23
35
18
19
31
18
23
25
20
35
28
27
22
24
19
27
17
25
29
22
26
25
18
26
26
31
21
54
41
54
24
40
23
35
22
17
39
21
83
26
24
20
33
29
31
25
45
26
21
71
32
20
29
21
32
17
31
11
16
12
19
22
24
20
17
29
20
25
24
27
22
16
72
27
19
26
14
21
27
16
27
23
28
35
18
22
21
117
21
29
23
23
30
22
19
21
27
28
21
20
25
21
93
19
23
22
29
19
18
23
28
102
28
25
15
19
27
29
22
21
25
24
16
20
61
23
17
16
18
24
19
18
20
16
22
19
26
23
19
21
16
35
17
21
26
21
20
15
109
22
24
26
37
38
20
31
92
49
185
69
40
30
29
241
50
49
26
42
24
52
72
24
187
49
27
27
103
24
30
24
24
25
43
31
23
40
51
27
24
41
61
31
32
24
33
33
33
108
29
20
16
117
31
20
26
24
36
35
20
32
28
32
26
30
29
36
39
30
30
45
24
35
31
34
29
95
32
30
40
19
34
20
22
18
43
20
9
27
10
35
28
83
11
37
23
15
14
23
25
23
24
23
20
11
15
17
25
24
18
22
23
24
22
27
26
23
31
22
13
17
22
10
23
24
27
19
21
22
21
21
15
25
18
20
24
24
28
26
24
18
28
29
20
22
19
18
18
19
25
23
20
18
28
17
24
21
14
15
22
20
26
25
12
20
18
24
12
25
21
21
24
21
86
20
28
25
21
25
19
23
9
27
20
20
21
18
21
20
22
19
22
15
18
23
20
21
18
24
17
31
26
25
16
23
19
19
24
30
24
16
23
17
19
22
21
20
25
25
21
25
23
15
27
19
29
41
17
81
13
22
23
9
16
37
45
30
25
27
23
19
12
35
65
67
51
17
19
56
26
21
31
46
30
19
22
23
15
22
42
19
51
43
34
40
20
21
10
20
110
22
23
19
31
90
125
14
25
22
18
26
36
23
21
64
25
36
26
28
95
24
23
34
24
44
22
25
22
22
26
18
26
26
23
38
24
16
18
25
22
26
89
30
27
28
19
24
24
24
32
27
25
26
21
31
21
27
24
24
22
22
21
25
27
26
17
20
24
23
23
26
25
29
14
21
19
26
30
27
27
29
27
35
30
25
19
41
27
23
55
22
59
25
23
33
37
24
29
31
87
35
26
20
142
19
14
21
20
20
24
28
11
176
43
12
61
115
84
43
79
44
76
47
72
46
50
40
56
39
49
41
103
44
44
68
40
38
120
44
54
34
25
80
32
59
40
48
31
41
66
73
34
34
27
45
43
83
65
117
54
60
39
43
35
42
50
47
36
34
30
61
81
104
44
133
50
82
46
86
32
43
25
25
37
68
30
127
108
72
33
37
31
25
68
25
37
108
56
58
201
48
32
139
147
56
26
80
24
153
41
95
50
57
41
34
36
74
101
89
34
60
54
35
92
69
43
63
49
53
26
26
34
58
26
47
81
84
44
58
104
37
99
56
40
41
98
39
52
73
34
53
60
70
132
71
34
82
48
36
37
38
38
89
108
34
35
55
28
29
86
32
45
66
30
65
33
44
76
44
107
48
26
71
91
29
42
197
46
33
58
149
46
37
60
34
70
59
120
60
96
43
209
54
42
30
191
46
43
44
35
31
46
29
72
33
41
54
46
47
44
63
68
49
45
50
63
103
47
42
73
17
92
45
15
28
29
34
24
20
14
40
22
38
25
25
75
28
28
54
19
40
24
28
126
86
79
25
107
30
15
88
24
35
17
29
19
25
29
26
31
23
35
24
21
20
78
35
37
37
24
38
27
20
15
28
29
33
21
27
35
36
27
26
23
17
29
31
34
22
25
35
29
35
19
34
30
62
82
71
99
33
31
41
49
23
53
24
102
40
21
76
24
15
21
21
36
92
30
20
20
20
69
44
102
19
102
23
28
24
71
88
32
33
20
33
20
22
22
24
27
23
23
25
19
75
22
27
28
32
29
26
26
29
27
37
22
61
94
20
18
18
25
26
28
29
31
23
20
102
18
25
74
23
38
27
14
26
35
32
24
26
34
21
21
26
55
30
25
18
21
21
26
25
24
33
25
23
26
21
26
18
34
28
58
24
22
67
34
18
20
57
58
23
33
31
28
28
26
23
28
30
20
18
28
25
27
29
20
22
52
26
78
24
80
27
87
70
23
33
27
20
24
29
24
35
30
30
23
28
30
24
67
33
23
26
22
29
23
24
30
24
27
30
22
20
20
25
25
36
26
27
26
23
29
23
28
28
22
17
27
21
28
23
19
27
21
26
23
11
18
26
27
22
26
24
27
28
25
19
24
22
29
20
21
15
24
34
33
24
28
21
20
30
33
71
35
72
25
22
53
48
24
30
40
26
21
33
19
43
20
23
51
32
22
25
22
45
25
33
18
28
20
25
59
37
30
25
29
16
33
19
33
33
36
32
30
25
21
31
33
45
26
18
26
24
38
28
18
52
49
25
22
32
31
35
26
35
23
28
31
19
24
16
37
32
30
30
36
26
24
28
29
31
27
20
27
22
24
28
25
31
25
23
22
21
11
26
27
25
40
29
16
21
19
37
44
29
23
27
32
27
29
24
30
21
19
15
29
21
26
27
25
20
26
26
19
34
91
41
40
37
45
26
21
25
18
50
61
26
38
37
32
68
77
46
20
84
29
49
27
47
56
27
40
40
34
54
39
63
65
26
28
55
19
17
22
27
18
22
65
50
25
59
22
17
29
22
28
25
24
24
20
21
25
28
25
24
29
20
20
26
25
27
14
28
25
28
27
22
13
28
23
24
18
19
25
42
48
45
53
24
39
24
39
26
21
24
49
31
35
20
37
54
24
31
17
22
28
22
26
48
31
31
21
36
31
48
24
43
55
17
16
45
49
19
15
26
28
45
23
39
49
61
47
37
16
31
41
25
29
44
42
33
24
57
23
39
40
28
58
28
38
42
25
23
27
23
28
24
23
27
32
25
27
26
29
29
37
32
26
24
25
24
19
25
23
26
27
26
26
25
23
32
24
20
25
24
24
21
24
25
19
23
23
26
28
25
24
24
17
21
34
25
22
24
18
21
37
32
20
24
23
31
17
27
24
27
56
22
37
28
31
83
20
22
20
27
23
24
23
25
30
32
23
22
28
21
22
27
28
21
25
29
24
28
39
28
21
26
20
24
16
25
29
19
28
29
26
24
26
27
26
27
25
26
32
16
29
20
26
21
69
69
64
56
52
64
74
77
135
55
89
120
147
51
59
51
54
99
88
53
152
57
44
76
65
69
83
57
59
53
54
67
49
92
68
56
48
68
194
75
72
76
64
59
84
43
49
113
58
51
65
71
62
53
88
77
79
81
51
68
64
55
45
60
62
52
75
49
108
117
59
126
82
42
65
74
69
91
63
87
53
60
72
166
133
128
58
68
37
102
85
59
73
61
80
46
141
87
79
56
70
46
185
71
59
38
54
149
98
54
42
56
34
82
40
64
68
72
79
57
66
47
53
42
76
49
101
83
89
60
73
32
63
78
63
74
65
56
73
50
142
48
69
51
51
152
45
76
106
45
55
64
72
58
108
40
73
79
53
77
95
82
64
58
176
72
63
46
78
62
66
100
47
53
164
66
69
61
61
64
80
43
75
111
115
109
50
73
64
71
55
56
103
35
96
58
80
65
90
48
44
65
117
118
61
94
45
51
70
104
93
65
42
45
75
72
69
55
59
55
50
48
69
52
153
105
42
90
107
63
58
53
47
44
61
54
72
38
43
136
110
44
89
58
90
67
95
71
59
55
52
45
44
94
119
60
79
65
53
173
54
55
106
54
45
74
57
53
58
55
137
45
55
76
51
54
52
53
42
66
75
58
68
171
66
92
61
74
60
102
43
56
48
50
61
54
61
77
29
56
86
44
75
59
57
59
92
80
52
44
44
49
62
51
107
49
100
60
58
52
47
99
45
66
79
43
85
59
68
59
61
92
51
51
92
57
98
60
58
43
47
47
86
43
51
47
41
33
39
52
50
39
51
42
42
55
61
66
35
72
59
69
112
45
57
49
66
69
39
34
50
54
51
52
50
39
53
40
54
87
46
163
46
64
134
124
73
49
51
47
50
36
30
27
96
51
54
41
24
20
59
40
49
36
36
28
64
47
56
71
58
50
37
92
85
56
42
49
41
48
46
43
70
57
68
71
79
72
44
41
66
54
61
53
37
41
106
47
38
44
78
56
51
39
32
39
72
26
88
144
29
32
50
52
43
71
167
61
28
41
34
36
98
33
99
74
37
32
43
42
60
64
112
49
59
47
57
48
47
94
30
43
74
60
45
73
48
30
66
98
70
48
75
97
44
45
42
65
98
42
36
46
47
41
40
41
30
29
47
51
36
44
195
49
92
74
56
133
99
55
68
38
38
79
45
82
41
145
77
105
49
125
61
51
70
43
45
34
39
39
37
28
43
36
35
35
43
41
39
28
36
34
45
33
23
15
108
46
195
52
26
27
64
36
46
36
98
55
56
54
52
265
83
36
53
56
236
36
32
70
55
75
35
64
75
49
40
46
37
63
132
28
55
49
45
99
30
29
49
42
69
39
92
47
50
66
44
41
55
202
51
42
40
44
73
44
25
131
48
49
68
46
43
36
42
149
147
34
40
48
31
36
36
51
55
43
32
58
49
79
62
55
58
35
81
31
36
50
70
29
111
36
33
113
34
41
39
57
167
92
69
118
41
88
37
56
71
22
74
52
23
38
54
51
38
46
41
60
46
24
39
47
25
28
36
181
28
33
52
31
91
53
45
54
83
227
78
41
40
46
59
62
36
33
55
48
66
57
23
45
133
29
45
37
42
138
27
102
39
66
29
53
54
44
25
127
31
28
28
59
28
29
49
35
28
23
25
34
28
50
33
45
52
37
33
27
92
116
25
37
117
30
33
103
60
28
31
25
30
48
34
118
22
40
29
27
38
72
79
79
152
52
24
24
56
21
60
23
47
161
25
24
35
44
39
33
31
28
35
24
29
21
59
19
30
26
33
31
24
27
29
24
18
20
46
26
32
28
197
26
43
25
81
86
17
19
22
20
16
15
17
25
17
21
23
140
26
19
22
18
17
12
13
28
23
21
78
26
16
23
17
18
17
13
17
27
31
25
19
18
77
54
69
127
117
70
67
85
48
44
43
71
75
91
43
89
43
75
189
61
66
61
75
64
84
75
69
71
59
53
68
156
79
182
67
50
44
53
94
93
116
100
60
65
45
74
51
62
69
79
49
56
64
46
80
47
72
159
116
67
53
80
29
52
57
57
104
50
91
66
61
53
90
33
44
81
54
54
110
78
51
68
80
43
63
46
51
123
44
48
154
41
73
53
78
54
92
53
102
67
63
137
45
48
50
131
72
121
55
49
37
43
69
51
41
53
80
48
74
130
47
68
98
120
107
58
61
51
249
54
42
67
60
35
67
35
40
142
92
49
62
34
163
65
56
55
174
77
49
41
46
41
53
44
137
120
53
80
59
57
77
93
55
85
69
67
44
61
135
30
53
39
41
34
30
195
30
74
76
84
65
44
50
39
85
39
166
70
37
105
37
113
141
76
58
47
34
53
70
50
50
75
48
47
36
52
52
102
38
64
51
49
75
34
123
87
131
52
56
44
66
39
81
62
41
42
63
58
52
62
36
71
188
48
63
60
83
56
35
60
50
72
141
42
47
78
140
71
60
46
74
61
67
84
31
56
46
50
45
150
171
47
54
41
120
65
36
45
117
75
71
48
122
46
60
65
61
63
44
57
42
76
105
48
68
78
111
57
33
44
60
40
47
53
59
104
58
47
49
36
54
98
48
37
43
196
24
50
73
58
41
74
159
43
47
56
44
66
63
38
34
38
88
41
34
49
35
37
41
38
31
99
39
36
35
34
107
31
81
34
43
35
41
40
31
33
33
32
41
41
39
20
34
39
46
29
32
36
33
37
47
36
75
25
36
25
26
28
40
29
40
32
25
39
28
28
25
34
29
28
42
39
39
34
18
22
27
35
32
27
29
34
32
27
29
23
28
32
66
38
26
29
23
27
28
33
28
32
29
28
37
40
32
29
23
26
36
31
222
34
25
28
27
25
27
30
32
24
24
27
25
23
28
24
27
63
18
27
31
26
27
20
24
35
16
33
34
26
21
28
20
28
21
31
25
30
24
28
27
23
31
19
40
31
32
27
27
27
21
30
23
21
178
27
39
22
28
31
27
27
24
22
21
27
35
35
19
27
31
28
28
29
27
25
15
29
31
27
30
37
21
36
39
34
28
33
22
28
33
36
34
103
98
16
23
22
31
33
21
34
35
27
31
22
28
27
26
29
31
25
24
26
25
20
17
27
28
28
29
21
31
25
28
27
24
18
23
18
22
22
18
23
21
21
16
19
20
27
17
15
29
29
33
28
148
19
29
28
31
30
33
32
36
31
25
29
33
19
21
146
26
26
24
28
116
24
22
28
170
26
23
25
29
25
29
23
20
36
27
32
28
117
76
253
31
31
28
26
24
35
25
25
26
24
24
37
15
23
28
32
21
39
31
25
26
29
42
35
31
32
124
32
29
21
26
29
22
26
26
52
46
48
50
43
73
77
60
50
47
32
38
44
56
29
55
49
43
76
51
36
58
35
77
52
39
26
45
52
57
53
77
58
39
48
25
37
38
73
76
37
30
67
54
260
49
34
59
60
70
119
41
53
43
71
42
147
85
48
64
83
66
83
46
30
33
35
51
35
29
56
30
52
22
71
114
54
38
34
32
59
56
96
49
33
80
44
31
46
28
147
35
66
55
11
72
104
55
40
31
30
95
36
71
96
59
46
25
47
56
157
63
33
65
51
31
66
22
23
32
67
31
51
84
94
64
17
57
30
27
32
46
71
60
95
68
29
29
42
75
35
63
30
36
151
32
37
74
31
27
24
31
36
127
39
32
34
50
23
57
36
66
40
88
59
32
50
68
74
39
62
38
46
96
58
36
67
25
69
26
41
74
24
24
67
38
45
27
39
39
25
35
34
36
39
64
154
91
50
34
56
53
69
54
57
66
64
68
50
66
43
38
79
56
35
32
58
24
35
27
44
53
40
112
45
67
54
47
35
59
40
48
34
42
31
43
26
34
29
53
53
30
36
85
37
205
62
35
40
47
29
31
141
34
33
50
46
33
34
32
29
91
104
54
133
46
39
49
103
37
63
27
57
30
34
101
28
32
109
55
24
31
33
30
42
41
51
24
53
40
58
81
98
42
35
47
68
80
44
25
105
30
27
55
27
58
61
24
35
48
75
76
50
59
56
85
44
61
37
31
33
33
37
31
47
58
48
58
49
58
32
22
30
35
44
30
38
43
33
26
53
77
18
18
68
106
110
39
55
41
37
45
62
37
49
41
36
60
135
32
61
44
41
33
32
51
55
33
34
29
31
32
38
28
32
31
26
23
41
43
143
28
47
31
37
24
41
36
50
30
41
26
21
38
86
33
43
39
30
33
40
56
40
24
34
39
28
30
37
24
43
38
34
42
49
42
58
50
30
31
33
149
39
33
45
35
32
59
49
63
33
29
26
57
44
41
51
73
40
36
46
49
54
55
41
51
63
46
76
63
45
41
34
51
21
46
33
30
52
107
70
66
59
37
92
45
40
60
39
43
59
37
33
41
51
41
30
54
141
151
127
26
91
61
46
71
33
60
35
44
35
54
55
40
67
30
45
27
35
26
42
59
39
40
34
46
42
52
93
38
62
35
26
49
41
62
26
63
64
41
27
67
41
39
79
70
37
41
46
80
29
82
66
30
46
46
113
36
81
26
42
41
61
35
45
39
56
52
34
49
68
41
30
27
188
28
117
35
37
25
41
33
40
36
30
41
34
52
35
38
45
50
39
48
43
40
39
48
64
42
58
47
40
37
53
49
62
39
105
38
65
29
40
35
63
54
67
44
47
66
58
51
28
50
63
72
36
50
47
50
23
66
63
72
67
40
30
49
42
40
80
34
31
69
68
48
236
58
60
34
46
31
48
35
38
49
38
37
38
38
39
33
37
40
34
55
52
38
69
45
36
56
130
44
31
54
33
28
40
33
45
44
24
34
39
15
50
32
50
38
65
138
50
33
46
16
17
43
30
33
34
41
42
32
32
46
53
39
28
35
30
38
34
34
31
32
35
39
34
31
28
32
33
24
37
48
31
55
38
44
40
30
49
37
24
40
37
37
50
38
54
213
57
61
39
46
60
61
53
48
49
34
133
56
26
23
27
62
34
39
34
32
31
37
44
52
52
28
39
42
46
34
26
40
73
24
58
30
40
25
36
57
33
33
39
60
48
30
26
85
34
54
83
52
35
31
33
39
67
40
55
117
113
49
45
40
58
47
83
47
54
26
46
64
48
26
143
17
30
63
33
44
43
81
44
29
34
35
56
35
45
40
44
73
55
96
61
48
42
78
18
67
30
37
39
30
40
48
48
64
54
35
21
37
60
43
60
90
71
63
41
45
50
74
50
133
30
59
108
64
27
35
40
27
155
55
77
103
30
55
51
30
46
32
79
30
40
26
69
24
42
28
127
54
22
32
37
32
59
34
32
33
108
111
82
37
30
72
37
21
38
34
149
22
37
37
140
33
41
41
53
134
16
54
26
36
55
51
60
34
37
37
89
31
46
38
43
34
43
41
47
41
118
54
34
41
46
84
49
23
67
37
39
90
25
33
59
17
55
68
50
48
40
51
41
43
64
37
50
64
55
40
34
37
38
59
58
40
116
83
49
60
47
57
155
50
34
49
26
41
140
44
66
40
52
32
66
40
37
35
45
36
149
48
93
37
40
41
47
50
39
36
55
49
55
43
29
26
21
55
56
48
36
89
55
55
53
71
79
63
53
45
68
58
32
42
37
80
42
52
42
31
43
53
126
22
34
35
41
50
44
72
38
34
34
36
192
62
50
49
48
70
227
75
38
29
32
28
33
23
46
48
28
37
167
57
58
136
64
43
25
19
55
45
40
59
44
51
54
70
21
62
177
56
47
45
27
51
72
73
153
128
69
75
61
41
43
43
43
51
53
41
36
105
53
48
54
31
64
133
139
49
30
63
44
85
32
39
79
73
38
66
28
36
64
29
43
44
31
34
59
30
47
37
42
79
137
70
26
23
32
61
34
30
31
36
45
52
40
49
30
128
29
54
37
23
154
36
145
41
23
39
58
35
29
33
45
50
41
32
39
111
42
33
32
95
114
47
33
35
43
30
43
13
74
37
36
30
30
38
35
38
39
29
31
36
39
147
55
60
22
43
64
47
70
36
47
52
70
47
33
29
34
53
28
38
92
38
53
102
47
58
108
49
33
38
65
19
27
30
68
86
70
46
47
60
65
55
36
43
50
51
21
50
73
45
35
26
72
83
54
27
54
92
56
41
171
34
32
52
46
90
12
20
75
59
33
75
40
55
27
30
52
44
33
70
121
31
34
34
43
68
32
63
77
22
85
65
49
57
35
39
97
66
52
63
33
65
35
83
54
32
146
38
58
59
127
51
89
151
144
37
29
64
195
40
36
39
32
32
28
42
55
55
79
33
41
36
64
30
67
28
81
55
22
36
78
70
35
45
24
26
36
38
35
40
52
48
39
38
24
26
144
28
38
39
40
39
54
32
33
22
35
134
39
29
38
28
41
33
35
55
10
45
14
39
57
41
35
47
41
27
27
38
53
36
69
38
70
35
31
28
20
72
53
56
66
77
35
39
127
81
40
37
17
19
38
48
37
40
34
52
112
123
50
64
49
59
70
95
40
111
90
81
59
55
82
66
48
164
51
59
67
60
40
60
90
78
144
115
63
59
109
104
41
146
86
230
52
57
85
99
69
51
51
68
65
58
45
101
155
53
69
46
24
68
62
162
84
49
47
75
50
36
123
169
43
131
81
155
66
79
70
82
65
55
57
38
41
50
103
102
56
82
174
116
156
95
63
44
49
65
47
47
49
16
53
84
28
24
39
38
37
71
85
53
100
209
51
64
52
128
45
48
176
28
44
102
69
65
51
157
153
92
83
82
54
64
55
47
51
87
121
49
94
70
45
52
78
80
36
179
65
66
85
41
55
69
49
62
54
41
47
65
68
118
191
109
67
52
72
62
55
74
105
113
38
62
66
45
69
138
67
149
35
42
66
40
55
63
50
79
46
62
58
55
144
109
98
54
40
106
69
134
85
52
46
61
130
70
58
107
47
127
47
161
203
130
89
54
50
50
63
64
61
123
84
78
44
121
73
50
37
86
49
121
51
98
65
46
67
41
33
44
40
52
40
47
42
42
47
37
55
34
44
40
17
37
40
33
41
44
29
25
37
31
144
33
142
30
31
44
23
33
105
34
24
51
21
51
55
45
24
43
38
50
43
62
47
153
43
73
25
47
46
123
19
49
27
39
123
42
166
26
19
37
21
83
45
32
19
41
21
40
26
29
38
46
37
43
35
41
27
54
28
31
28
43
45
34
39
94
109
72
28
33
127
26
145
76
22
37
24
70
40
35
36
35
16
23
25
30
53
47
50
39
36
121
24
27
34
41
30
24
37
34
34
27
41
30
39
29
36
43
28
130
32
26
25
30
26
38
37
31
143
30
29
28
24
31
31
36
29
36
177
32
25
39
32
25
25
24
20
28
29
25
28
34
132
27
23
129
24
26
199
22
30
126
30
32
77
34
106
31
24
28
34
73
33
32
35
45
30
30
34
32
39
31
47
45
47
32
31
46
28
48
27
20
38
24
101
14
33
193
31
92
40
94
43
32
38
30
46
36
44
48
25
40
37
32
44
49
42
40
26
23
74
33
29
45
32
127
28
35
25
40
32
29
30
95
39
176
23
30
29
28
75
41
31
22
125
66
86
53
178
73
79
60
67
49
53
189
96
101
152
90
64
80
201
107
50
40
71
46
64
142
152
57
56
236
58
73
129
56
70
131
41
174
72
75
13
64
74
70
177
43
59
66
50
56
28
61
47
55
34
31
39
47
44
49
297
35
33
43
47
57
42
44
63
39
34
50
61
51
5
150
51
180
182
69
121
239
117
54
199
72
77
157
135
59
95
68
128
81
137
36
111
63
57
54
77
133
36
111
195
200
226
96
76
71
168
45
76
227
77
33
72
36
87
51
134
67
55
55
69
187
46
100
204
66
31
202
39
31
27
34
93
181
29
40
54
62
42
47
36
77
33
75
56
267
111
45
50
74
52
54
70
59
86
133
114
182
56
51
154
97
54
67
56
206
37
58
74
82
47
55
100
24
29
29
24
21
64
56
82
49
81
68
102
82
25
74
29
28
28
34
30
36
29
24
28
23
25
27
33
38
30
24
23
33
34
28
20
32
23
36
28
24
32
28
37
32
25
30
35
25
27
29
30
33
25
33
32
38
28
188
27
33
24
21
27
21
33
30
285
28
25
36
26
26
35
33
24
29
29
22
23
25
32
27
25
33
34
28
28
32
22
30
34
24
32
26
37
28
26
23
21
29
31
23
24
25
26
30
30
19
28
26
27
24
21
28
24
29
24
29
22
29
38
30
28
29
22
24
359
37
29
29
37
31
28
26
35
19
30
36
28
32
23
24
29
22
31
20
22
27
31
41
26
25
34
21
32
35
30
29
31
27
37
28
35
30
120
28
27
27
42
31
19
32
23
25
26
25
27
22
25
29
28
27
35
31
33
27
28
27
31
21
31
22
21
31
28
23
26
27
22
27
22
22
24
25
45
121
54
68
49
54
52
52
23
67
164
86
34
239
53
71
45
51
58
59
31
88
50
178
94
61
26
34
51
43
36
61
35
50
36
46
40
50
85
46
55
35
67
21
30
25
29
107
30
36
29
84
27
31
23
24
20
55
41
129
45
83
43
34
30
46
29
30
32
34
58
66
95
49
58
61
25
52
26
26
33
29
26
28
32
37
32
41
31
30
103
125
24
102
21
34
21
27
25
24
70
19
25
30
30
26
23
23
161
30
18
23
21
28
213
23
36
26
23
78
27
36
24
43
53
31
31
87
27
30
22
24
23
24
28
29
81
23
29
280
23
31
27
30
27
27
27
21
24
17
26
119
22
83
26
33
28
26
25
27
30
26
25
30
23
28
24
29
22
25
29
23
34
18
28
33
35
40
28
45
87
29
65
21
231
44
38
46
40
45
38
29
99
32
36
57
45
36
55
60
49
23
45
29
35
49
25
36
72
44
27
24
27
26
21
17
34
24
168
32
19
21
29
27
20
28
25
17
27
21
22
26
30
16
29
19
27
22
92
18
22
25
19
21
94
20
27
17
30
23
15
19
25
24
19
27
17
23
26
19
26
99
21
20
20
27
25
24
74
41
27
24
28
60
26
45
37
51
177
39
56
30
28
45
26
29
29
21
19
27
24
13
16
166
17
23
25
85
24
36
87
129
77
42
15
162
23
59
60
77
38
75
127
66
42
83
46
214
106
59
90
85
36
88
66
92
48
154
44
43
38
67
31
54
43
90
68
37
40
36
34
26
43
45
64
54
45
49
53
29
51
17
31
41
27
27
22
43
22
32
20
18
22
20
259
34
68
80
74
33
45
41
30
38
33
37
26
32
47
46
44
47
37
59
41
106
48
42
47
27
39
23
50
23
89
38
86
31
41
17
96
24
151
43
61
68
61
92
16
38
45
45
110
64
63
22
28
71
33
28
30
26
40
39
19
42
19
40
50
50
24
37
25
21
32
37
40
39
32
56
37
34
45
20
28
29
65
190
38
45
28
38
48
33
26
52
70
36
37
31
39
17
25
21
53
33
80
22
24
46
76
67
35
29
35
41
117
30
40
33
44
41
14
35
87
41
19
21
57
36
86
180
30
20
57
78
23
38
28
47
91
29
38
83
36
17
23
22
23
19
22
20
26
20
23
20
21
21
29
26
22
23
24
19
21
19
25
16
27
26
22
26
28
27
28
25
20
25
26
26
21
20
25
25
23
22
20
23
33
22
23
27
25
24
20
26
19
27
24
22
24
22
18
31
22
26
27
22
31
25
14
16
19
19
24
26
26
19
32
23
21
30
33
38
32
23
24
14
25
18
28
21
26
30
29
26
20
22
25
20
27
29
28
32
25
25
20
19
35
22
26
27
24
29
25
18
20
20
20
32
29
20
21
31
16
37
22
25
29
21
23
24
26
20
31
22
33
22
30
24
20
17
23
27
21
33
29
26
29
20
218
18
21
17
21
27
21
33
11
24
26
27
20
26
28
20
20
29
27
20
28
23
25
22
22
28
27
25
22
17
23
27
20
26
29
27
29
31
22
21
38
32
27
32
20
27
22
22
27
28
23
24
27
31
38
23
28
24
27
27
17
53
50
44
45
49
112
107
64
59
63
31
39
45
40
162
21
72
67
145
55
99
155
69
89
34
45
30
33
117
46
92
117
31
49
25
28
33
43
21
29
26
37
26
27
56
42
62
15
31
100
34
33
30
39
18
65
70
68
98
74
40
76
30
45
94
99
26
20
13
21
66
35
73
24
57
30
134
34
49
34
38
34
31
31
22
34
51
51
31
44
27
167
39
55
38
42
42
62
35
36
43
37
24
26
44
71
55
31
46
140
56
60
31
25
25
17
30
25
25
30
23
32
54
38
28
31
29
15
36
33
34
32
22
32
31
30
30
24
30
45
32
30
46
42
15
37
32
38
37
24
24
24
19
42
25
27
26
28
36
28
17
55
20
37
29
18
34
46
27
33
35
32
22
32
42
54
27
45
59
26
29
28
23
31
31
32
26
22
28
28
35
45
28
48
30
33
31
34
39
215
78
21
112
39
56
66
47
49
36
82
40
67
42
54
44
39
26
32
117
46
32
31
43
54
31
48
46
42
66
33
34
62
50
36
35
60
46
39
29
49
41
19
30
38
24
19
32
37
26
31
27
25
36
21
30
24
39
41
23
50
47
32
33
31
50
25
114
51
42
48
81
77
38
26
58
30
58
34
81
28
70
35
48
36
41
50
33
28
34
22
24
53
46
47
48
31
41
36
17
20
60
182
87
61
48
31
28
20
26
23
43
139
57
45
32
30
44
99
146
45
20
37
39
84
38
69
36
27
75
89
30
45
48
34
54
198
64
62
109
44
23
39
49
44
15
24
58
29
106
30
50
89
27
37
18
26
127
66
31
25
26
23
102
56
55
92
24
77
41
43
39
68
37
66
65
65
68
36
43
65
40
44
54
62
46
24
36
59
84
42
55
32
37
31
31
31
28
37
36
67
33
103
32
38
42
45
41
28
115
31
26
38
35
87
43
39
28
121
39
35
37
40
26
31
32
36
34
35
35
43
35
28
45
37
24
23
32
24
21
40
36
33
27
57
51
67
27
20
27
29
30
26
38
24
35
22
35
36
24
31
227
27
29
38
27
18
75
34
32
29
81
24
24
23
34
28
36
32
27
68
28
34
27
24
60
25
26
34
44
29
30
57
31
54
32
31
127
190
33
146
28
31
80
38
28
23
39
25
90
27
35
122
35
24
34
28
32
29
24
31
27
23
38
35
31
25
23
25
20
57
23
22
25
48
27
33
31
106
29
36
52
23
29
128
43
41
51
23
54
27
48
40
37
73
40
29
45
48
28
45
28
26
31
90
41
38
53
59
48
59
48
41
56
30
44
60
25
26
35
135
36
37
33
52
24
114
78
26
52
25
56
19
41
32
39
93
64
68
30
36
88
77
35
28
32
46
53
38
37
34
66
47
28
31
47
154
33
41
27
26
53
101
52
17
39
97
37
29
69
26
42
34
77
60
44
85
55
23
64
32
34
33
35
72
35
31
52
51
26
47
46
27
38
40
27
51
83
38
42
28
44
23
42
85
58
26
32
33
34
14
37
36
35
31
29
47
49
73
62
23
45
67
32
51
49
31
40
42
35
72
31
23
81
34
28
29
55
37
43
24
32
45
70
38
22
33
41
61
32
45
42
41
23
67
53
55
22
21
30
34
27
92
63
27
18
26
36
19
17
35
31
41
23
43
26
20
31
56
30
28
47
27
41
22
46
56
24
45
48
48
39
77
48
38
25
31
22
35
37
46
36
59
56
33
21
40
47
59
70
30
28
60
51
38
74
28
30
33
29
71
83
30
24
23
24
35
32
50
74
43
61
20
36
35
59
27
52
22
27
32
31
70
23
38
39
31
33
29
29
35
44
45
26
70
31
50
35
28
25
55
27
63
37
28
32
26
34
36
28
24
48
28
36
30
45
54
69
38
55
38
31
32
28
34
34
33
144
38
30
27
30
30
27
29
24
30
50
23
33
42
25
28
25
37
27
25
33
23
32
81
30
33
28
26
28
29
22
26
162
95
28
29
36
25
25
28
26
36
22
32
41
46
56
31
18
30
30
80
31
25
43
39
100
30
39
33
162
122
30
73
33
56
29
22
55
117
30
32
106
24
51
53
37
56