rateOfNonTrivialAndTotalOfRefactorings
0.7
0.84
0.74
0.606667
0.393333
0.96
0.6
0.62
0.566667
0.72
0.58
0.56
0.573333
0.62
0.433333
0.54
0.706667
0.76
0.746667
0.92
0.793333
0.54
0.546667
0.666667
0.46
0.726667
0.64
0.446667
0.646667
0.566667
0.513333
0.593333
0.86
0.52
0.493333
0.406667
0.593333
0.593333
0.666667
1
0.733333
0.606667
0.773333
0.693333
0.54
0.46
0.833333
0.853333
0.64
0.873333
0.513333
0.406667
0.82
0.82
0.52
0.386667
0.486667
0.786667
0.673333
0.693333
0.76
0.633333
0.586667
0.586667
0.633333
0.493333
0.613333
0.726667
0.786667
0.773333
0.606667
0.546667
0.753333
0.84
0.646667
0.566667
0.533333
0.6
0.533333
0.473333
0.446667
0.513333
0.773333
0.54
0.666667
0.753333
0.713333
0.393333
0.873333
0.7
0.793333
0.753333
0.54
0.626667
0.606667
0.806667
0.646667
0.42
0.62
0.76
0.56
0.46
0.353333
0.613333
0.473333
0.566667
0.48
0.493333
0.96
0.706667
0.58
0.733333
0.526667
0.58
0.52
0.74
0.693333
0.52
0.633333
0.933333
0.693333
0.62
0.8
0.613333
0.506667
0.68
0.52
0.74
0.473333
0.713333
0.493333
0.52
0.666667
0.886667
0.486667
0.433333
0.793333
0.873333
0.806667
0.693333
0.513333
0.66
0.686667
0.353333
0.406667
0.626667
0.5
0.74
0.486667
0.58
0.44
0.826667
0.713333
0.52
0.413333
0.84
0.886667
0.633333
0.433333
0.6
0.286667
0.5
0.493333
0.62
0.713333
0.72
0.46
0.3
0.353333
0.613333
0.506667
0.786667
0.906667
0.526667
0.333333
0.566667
0.78
0.506667
0.6
0.58
0.346667
0.346667
0.38
0.72
0.593333
0.593333
0.986667
0.44
0.4
0.733333
0.826667
0.866667
0.786667
0.566667
0.453333
0.54
0.333333
0.46
0.486667
0.56
0.546667
0.393333
0.506667
0.48
0.58
0.82
0.506667
0.82
0.626667
0.466667
0.626667
0.626667
0.486667
0.58
0.366667
0.42
0.99359
0.34
0.526667
0.706667
0.426667
0.38
0.466667
0.433333
0.373333
0.533333
0.4
0.546667
0.933333
0.386667
0.466667
0.366667
0.9
0.4
0.326667
0.453333
0.346667
0.466667
0.3
0.44
0.5
0.386667
0.446667
0.36
0.333333
0.32
0.5
0.886667
0.54
0.413333
0.56
0.286667
0.4
0.6
0.386667
0.453333
0.426667
0.466667
0.353333
0.393333
0.366667
0.598684
0.346667
0.426667
0.726667
0.853333
0.446667
0.8
0.68
0.566667
0.273333
0.36
0.506667
0.473333
0.766667
0.82
0.593333
0.726667
0.773333
0.713333
0.793333
0.46
0.62
0.466667
0.793333
0.52
0.393333
0.453333
0.346667
0.94
0.496732
0.326667
0.286667
0.22
0.486667
0.446667
0.48
0.66
0.806667
0.473333
0.273333
0.413333
0.3
0.36
0.653333
0.286667
0.373333
0.573333
0.2
0.506667
0.546667
0.526667
0.253333
0.493333
0.573333
0.68
0.38
0.666667
0.286667
0.273333
0.52
0.813333
0.46
0.68
0.373333
0.753333
0.426667
0.393333
0.453333
0.513333
0.633333
0.4
0.34
0.433333
0.386667
0.413333
0.9
0.66
0.293333
0.46
0.36
0.4
0.766667
0.46
0.566667
0.446667
0.833333
0.293333
0.446667
0.273333
0.333333
0.726667
0.826667
0.42
0.266667
0.4
0.326667
0.313333
0.46
0.373333
0.353333
0.306667
0.36
0.313333
0.346667
0.433333
0.813333
0.4
0.306667
0.366667
0.326667
0.393333
0.986667
0.38
0.366667
0.466667
0.406667
0.353333
0.34
0.46
0.386667
0.446667
0.32
0.393333
0.646667
0.453333
0.446667
0.333333
0.3
0.326667
0.406667
0.253333
0.253333
0.34
0.42
0.313333
0.9
0.346667
0.36
0.36
0.286667
0.293333
0.326667
0.306667
0.306667
0.386667
0.706667
0.353333
0.326667
0.52
0.306667
0.38
0.373333
0.266667
0.346667
0.266667
0.246667
0.3
0.293333
0.44
0.4
0.38
0.393333
0.406667
0.34
0.4
0.253333
0.4
0.286667
0.34
0.406667
0.74
0.493333
0.353333
0.393333
0.313333
0.406667
0.26
0.406667
0.353333
0.406667
0.353333
0.3
0.406667
0.473333
0.313333
0.82
0.373333
0.38
0.353333
0.3
0.26
0.406667
0.46
0.286667
0.3
0.68
0.4
0.346667
0.44
0.313333
0.333333
0.453333
0.286667
0.386667
0.26
0.48
0.413333
0.32
0.36
0.373333
0.393333
0.326667
0.64
0.36
0.486667
0.3
0.266667
0.406667
0.386667
0.36
0.326667
0.366667
0.353333
0.42
0.38
0.406667
0.346667
0.446667
0.66
0.506667
0.813333
0.4
0.833333
0.473333
0.46
0.446667
0.306667
0.373333
0.406667
0.366667
0.22
0.406667
0.306667
0.353333
0.48
0.38
0.486667
0.5
0.3
0.293333
0.68
0.42
0.66
0.346667
0.253333
0.566667
0.326667
0.266667
0.446667
0.366667
0.326667
0.426667
0.213333
0.44
0.36
0.353333
0.366667
0.566667
0.266667
0.62
0.453333
0.32
0.46
0.66
0.613333
0.773333
0.726667
0.786667
0.906667
0.293333
0.413333
0.52
0.3
0.353333
0.48
0.373333
0.5
0.366667
0.54
0.313333
0.513333
0.313333
0.52
0.693333
0.373333
0.493333
0.38
0.353333
0.293333
0.486667
0.5
0.406667
0.4
0.533333
0.306667
0.4
0.52
0.593333
0.24
0.326667
0.353333
0.326667
0.586667
0.486667
0.413333
0.54
0.346667
0.46
0.526667
0.373333
0.4
0.6
0.24
0.38
0.3
0.48
0.32
0.873333
0.626667
0.313333
0.5
0.593333
0.32
0.506667
0.653333
0.333333
0.466667
0.466667
0.326667
0.473333
0.48
0.5
0.46
0.326667
0.48
0.606667
0.44
0.406667
0.34
0.68
0.366667
0.333333
0.56
0.326667
0.38
0.386667
0.786667
0.44
0.266667
0.54
0.446667
0.326667
0.353333
0.42
0.326667
0.873333
0.52
0.326667
0.473333
0.333333
0.4
0.926667
0.573333
0.34
0.553333
0.513333
0.526667
0.32
0.513333
0.56
0.573333
0.513333
0.386667
0.48
0.3
0.346667
0.42
0.54
0.393333
0.386667
0.36
0.473333
0.42
0.346667
0.42
0.48
0.426667
0.52
0.426667
0.4
0.406667
0.493333
0.473333
0.453333
0.586667
0.36
0.373333
0.56
0.493333
0.433333
0.253333
0.226667
0.32
0.6
0.186667
0.62
0.396104
0.42
0.686667
0.846667
0.68
0.266667
0.453333
0.36
0.506667
0.593333
0.42
0.413333
0.5
0.646667
0.653333
0.406667
0.553333
0.626667
0.36
0.4
0.446667
0.62
0.386667
0.513333
0.706667
0.626667
0.573333
0.42
0.533333
0.666667
0.66
0.7
0.34
0.34
0.406667
0.326667
0.6
0.32
0.266667
0.293333
0.433333
0.3
0.426667
0.38
0.42
0.566667
0.3
0.353333
0.433333
0.246667
0.613333
0.5
0.326667
0.573333
0.733333
0.4
0.48
0.413333
0.346667
0.373333
0.306667
0.36
0.466667
0.326667
0.426667
0.46
0.966667
0.46
0.64
0.373333
0.533333
0.273333
0.353333
0.42
0.653333
0.493333
0.406667
0.56
0.68
0.213333
0.926667
0.32
0.44
0.36
0.82
0.386667
0.833333
0.266667
0.526667
0.513333
0.386667
0.226667
0.26
0.313333
0.593333
0.626667
0.44
0.413333
0.393333
0.4
0.34
0.44
0.546667
0.473333
0.566667
0.38
0.48
0.44
0.38
0.266667
0.393333
0.76
0.466667
0.426667
0.76
0.406667
0.44
0.406667
0.8
0.373333
0.626667
0.453333
0.686667
0.466667
0.633333
0.513333
0.793333
0.446667
0.646667
0.486667
0.44
0.5
0.34
0.933333
0.753333
0.513333
0.493333
0.44
0.46
0.453333
0.28
0.486667
0.36
0.8
0.88
0.813333
0.526667
0.673333
0.206667
0.486667
0.433333
0.46
0.426667
0.8
0.313333
0.46
0.313333
0.266667
0.946667
0.426667
0.393333
0.446667
0.253333
0.286667
0.486667
0.486667
0.373333
0.44
0.44
0.733333
0.693333
0.8
0.653333
0.686667
0.313333
0.393333
0.353333
0.713333
0.28
0.566667
0.346667
0.753333
0.32
0.4
0.34
0.406667
0.346667
0.42
0.653333
0.313333
0.38
0.386667
0.433333
0.266667
0.4
0.486667
0.56
0.786667
0.72
0.426667
0.346667
0.413333
0.286667
0.5
0.426667
0.333333
0.513333
0.546667
0.346667
0.453333
0.826667
0.306667
0.346667
0.453333
0.26
0.426667
0.273333
0.466667
0.3
0.34
0.453333
0.86
0.273333
0.466667
0.513333
0.373333
0.513333
0.446667
0.326667
0.38
0.48
0.3
0.273333
0.313333
0.266667
0.3
0.293333
0.333333
0.366667
0.22
0.36
0.486667
0.32
0.36
0.34
0.26
0.273333
0.3
0.406667
0.426667
0.366667
0.873333
0.346667
0.32
0.34
0.346667
0.473333
0.346667
0.48
0.28
0.353333
0.393333
0.82
0.406667
0.293333
0.833333
0.4
0.393333
0.286667
0.373333
0.846667
0.353333
0.906667
0.453333
0.366667
0.38
0.373333
0.346667
0.373333
0.333333
0.813333
0.38
0.353333
0.34
0.326667
0.32
0.353333
0.266667
0.54902
0.266667
0.346667
0.306667
0.353333
0.38
0.313333
0.546667
0.413333
0.446667
0.58
0.206667
0.333333
0.386667
0.24
0.366667
0.3
0.34
0.32
0.366667
0.813333
0.673333
0.593333
0.493333
0.313333
0.42
0.32
0.293333
0.546667
0.513333
0.386667
0.446667
0.286667
0.486667
0.373333
0.66
0.313333
0.366667
0.573333
0.293333
0.6
0.56
0.326667
0.5
0.58
0.606667
0.593333
0.226667
0.88
0.553333
0.306667
0.246667
0.78
0.34
0.446667
0.386667
0.286667
0.293333
0.553333
0.226667
0.266667
0.433333
0.966667
0.413333
0.426667
0.213333
0.38
0.353333
0.386667
0.24
0.34
0.873333
0.726667
0.72
0.726667
0.473333
0.72
0.746667
0.493333
0.6
0.56
0.593333
0.6
0.726667
0.64
0.5
0.5
0.966667
0.566667
0.6
0.84
0.426667
0.533333
0.686667
0.873333
0.533333
0.533333
0.426667
0.546667
0.946667
0.84
0.513333
0.726667
0.513333
0.733333
0.733333
0.726667
0.56
0.613333
0.946667
0.593333
0.633333
0.46
0.866667
0.36
0.92
0.94
0.526667
0.673333
1
0.446667
0.5
0.673333
0.686667
0.633333
0.353333
0.653333
0.813333
0.446667
0.473333
0.426667
0.613333
0.873333
0.686667
0.58
0.573333
0.786667
0.906667
0.493333
0.64
0.78
0.72
0.746667
0.566667
0.533333
0.36
0.58
0.533333
0.673333
0.573333
0.526667
0.753333
0.6
0.566667
0.553333
0.646667
0.506667
0.4
0.653333
0.873333
0.893333
0.66
0.426667
0.506667
0.793333
0.56
0.426667
0.466667
0.453333
0.36
0.54
0.513333
0.806667
0.826667
0.486667
0.546667
0.466667
0.726667
0.433333
0.76
0.6
0.446667
0.493333
0.46
0.333333
0.533333
0.526667
0.426667
0.513333
0.44
0.433333
0.673333
0.613333
0.466667
0.613333
0.606667
0.946667
0.56
0.453333
0.666667
0.74
0.886667
0.92
0.74
0.546667
0.446667
0.66
0.82
0.626667
0.793333
0.606667
0.586667
0.586667
0.706667
0.88
0.506667
0.426667
0.42
0.44
0.44
0.76
0.606667
0.553333
0.52
0.76
0.753333
0.58
0.426667
0.72
0.653333
0.426667
0.346667
0.633333
0.64
0.613333
0.66
0.62
0.566667
0.72
0.706667
0.718954
0.573333
0.453333
0.64
0.686667
0.62
0.613333
0.626667
0.38
0.486667
0.58
0.5
0.34
0.36
0.486667
0.84
0.533333
0.64
0.473333
0.833333
0.473333
1
0.426667
0.326667
0.426667
0.953333
0.84
0.553333
0.46
0.553333
1
0.533333
0.406667
0.606667
0.46
0.386667
0.58
0.753333
0.666667
0.446667
0.493333
0.433333
0.64
0.553333
0.78
0.66
0.786667
0.513333
0.48
0.56
0.546667
0.48
0.6
0.333333
0.64
0.606667
0.46
0.5
0.68
0.446667
0.393333
0.56
0.56
0.546667
0.646667
0.453333
0.54
0.54
0.473333
0.486667
0.46
0.493333
0.526667
0.433333
0.64
0.673333
0.493333
0.513333
0.646667
0.546667
0.52
0.513333
0.433333
0.553333
0.453333
0.573333
0.713333
0.566667
0.606667
0.633333
0.646667
0.526667
0.713333
0.373333
0.833333
0.773333
0.626667
0.593333
0.453333
0.68
0.626667
0.513333
0.44
0.693333
0.78
0.7
0.426667
0.6
0.406667
0.486667
0.793333
0.606667
0.593333
0.42
0.48
0.426667
0.38
0.326667
0.5
0.366667
0.406667
0.386667
0.426667
0.446667
0.413333
0.44
0.373333
0.753333
0.506667
0.366667
0.82
0.366667
0.286667
0.66
0.36
0.313333
0.34
0.406667
0.353333
0.306667
0.686667
0.653333
0.333333
0.366667
0.393333
0.433333
0.386667
0.766667
0.44
0.286667
0.44
0.346667
0.58
0.68
0.62
0.4
0.353333
0.333333
0.633333
0.426667
0.513333
0.406667
0.64
0.773333
0.726667
0.566667
0.44
0.5
0.246667
0.68
0.56
0.706667
0.393333
0.773333
0.34
0.46
0.566667
0.306667
0.293333
0.48
0.466667
0.466667
0.513333
0.44
0.38
0.32
0.373333
0.606667
0.726667
0.386667
0.293333
0.293333
0.493333
0.393333
0.606667
0.433333
0.58
0.64
0.6
0.58
0.333333
0.46
0.306667
0.38
0.34
0.506667
0.353333
0.473333
0.406667
0.566667
0.48
0.373333
0.4
0.386667
0.413333
0.386667
0.426667
0.266667
0.386667
0.333333
0.373333
0.48
0.586667
0.393333
0.433333
0.486667
0.586667
0.353333
0.393333
0.64
0.433333
0.38
0.253333
0.32
0.36
0.326667
0.48
0.44
0.46
0.426667
0.353333
0.36
0.46
0.32
0.586667
0.366667
0.313333
0.346667
0.36
0.766667
0.72
0.38
0.326667
0.373333
0.593333
0.306667
0.393333
0.393333
0.426667
0.313333
0.513333
0.433333
0.433333
0.36
0.3
0.473333
0.4
0.406667
0.453333
0.406667
0.373333
0.233333
0.266667
0.466667
0.526667
0.48
0.526667
0.973684
0.406667
0.286667
0.36
0.353333
0.393333
0.42
0.7
0.433333
0.706667
0.406667
0.373333
0.326667
0.466667
0.346667
0.586667
0.266667
0.44
0.306667
0.48
0.613333
0.44
0.686667
0.46
0.226667
0.686667
0.473333
0.333333
0.293333
0.593333
0.42
0.333333
0.68
0.48
0.366667
0.286667
0.406667
0.4
0.346667
0.36
0.38
0.666667
0.84
0.346667
0.593333
0.633333
0.52
0.493333
0.373333
0.48
0.726667
0.706667
0.36
0.44
0.34
0.573333
0.633333
0.453333
0.64
0.62
0.686667
0.733333
0.36
0.373333
0.626667
0.546667
0.393333
0.413333
0.606667
0.466667
0.373333
0.38
0.68
0.34
0.32
0.660131
0.58
0.48
0.74
0.706667
0.466667
0.36
0.633333
0.64
0.393333
0.4
0.666667
0.493333
0.373333
0.453333
0.446667
0.66
0.38
0.506667
0.366667
0.626667
0.566667
0.566667
0.313333
0.353333
0.426667
0.606667
0.38
0.406667
0.333333
0.413333
0.706667
0.393333
0.666667
0.6
0.38
0.286667
0.36
0.613333
0.386667
0.613333
0.686667
0.606667
0.493333
0.573333
0.426667
0.726667
0.613333
0.353333
0.546667
0.386667
0.726667
0.413333
0.68
0.42
0.94
0.566667
0.406667
0.733333
0.493333
0.446667
0.386667
0.326667
0.686667
0.686667
0.433333
0.46
0.366667
0.78
0.413333
0.413333
0.333333
0.44
0.626667
0.613333
0.833333
0.46
0.486667
0.6
0.606667
0.52
0.606667
0.493333
0.64
0.52
0.4
0.54
0.793333
0.706667
0.426667
0.453333
0.453333
0.393333
0.393333
0.733333
0.433333
0.426667
0.366667
0.333333
0.533333
0.52
0.566667
0.66
0.34
0.473333
0.5
0.54
0.48
0.42
0.42
0.626667
0.46
0.4
0.46
0.4
0.333333
0.613333
0.353333
0.42
0.48
0.653333
0.393333
0.313333
0.406667
0.593333
0.406667
0.333333
0.593333
0.566667
0.486667
0.306667
0.433333
0.38
0.32
0.586667
0.48
0.526667
0.3
0.486667
0.613333
0.42
0.593333
0.406667
0.36
0.32
0.5
0.493333
0.413333
0.453333
0.373333
0.466667
0.426667
0.326667
0.553333
0.326667
0.373333
0.326667
0.48
0.206667
0.366667
0.426667
0.326667
0.313333
0.333333
0.353333
0.293333
0.52
0.426667
0.406667
0.426667
0.36
0.4
0.473333
0.306667
0.453333
0.266667
0.4
0.32
0.386667
0.473333
0.386667
0.34
0.433333
0.226667
0.426667
0.4
0.406667
0.32
0.413333
0.393333
0.386667
0.393333
0.406667
0.433333
0.386667
0.286667
0.353333
0.26
0.386667
0.366667
0.366667
0.433333
0.466667
0.44
0.38
0.406667
0.413333
0.393333
0.286667
0.333333
0.393333
0.52
0.6
0.34
0.366667
0.386667
0.706667
0.48
0.473333
0.466667
0.366667
0.513333
0.606667
0.366667
0.433333
0.446667
0.293333
0.706667
0.38
0.446667
0.393333
0.306667
0.46
0.386667
0.64
0.406667
0.293333
0.526667
0.273333
0.406667
0.713333
0.446667
0.413333
0.426667
0.66
0.453333
0.433333
0.266667
0.4
0.506667
0.306667
0.446667
0.92
0.746667
0.653333
0.406667
0.393333
0.32
0.406667
0.433333
0.386667
0.36
0.346667
0.306667
0.393333
0.293333
0.64
0.573333
0.286667
0.366667
0.52
0.393333
0.346667
0.526667
0.673333
0.6
0.433333
0.38
0.286667
0.74
0.346667
0.46
0.48
0.386667
0.553333
0.326667
0.413333
0.426667
0.366667
0.673333
0.4
0.373333
0.34
0.26
0.54
0.186667
0.273333
0.72
0.546667
0.393333
0.713333
0.306667
0.293333
0.413333
0.353333
0.426667
0.313333
0.306667
0.8
0.386667
0.786667
0.313333
0.606667
0.329032
0.513333
0.2
0.713333
0.333333
0.373333
0.393333
0.353333
0.34
0.373333
0.2
0.353333
0.353333
0.253333
0.373333
0.226667
0.333333
0.32
0.266667
0.4
0.366667
0.326667
0.366667
0.42
0.32
0.346667
0.306667
0.426667
0.273333
0.273333
0.34
0.333333
0.3
0.386667
0.433333
0.373333
0.36
0.306667
0.333333
0.386667
0.4
0.3
0.266667
0.406667
0.353333
0.373333
0.393333
0.26
0.306667
0.333333
0.2
0.346667
0.36
0.306667
0.306667
0.393333
0.34
0.366667
0.293333
0.3
0.36
0.42
0.293333
0.386667
0.273333
0.333333
0.353333
0.173333
0.346667
0.4
0.346667
0.32
0.273333
0.266667
0.313333
0.266667
0.386667
0.266667
0.233333
0.306667
0.246667
0.26
0.326667
0.306667
0.393333
0.34
0.26
0.353333
0.326667
0.373333
0.333333
0.273333
0.4
0.366667
0.333333
0.346667
0.32
0.233333
0.32
0.366667
0.34
0.38
0.373333
0.326667
0.293333
0.32
0.186667
0.253333
0.366667
0.28
0.366667
0.34
0.266667
0.346667
0.306667
0.293333
0.246667
0.2
0.18
0.42
0.293333
0.34
0.253333
0.393333
0.333333
0.266667
0.346667
0.32
0.373333
0.246667
0.353333
0.386667
0.253333
0.36
0.28
0.246667
0.313333
0.333333
0.36
0.286667
0.346667
0.413333
0.213333
0.413333
0.326667
0.253333
1
0.36
0.293333
0.346667
0.286667
0.386667
0.366667
0.38
0.326667
0.346667
0.326667
0.253333
0.326667
0.206667
0.4
0.293333
0.306667
0.3
0.24
0.226667
0.326667
0.153333
0.346667
0.306667
0.34
0.306667
0.24
0.253333
0.2
0.333333
0.22
0.34
0.306667
0.286667
0.2
0.286667
0.313333
0.406667
0.206667
0.353333
0.32
0.313333
0.373333
0.28
0.38
0.44
0.96
0.3
0.293333
0.326667
0.38
0.313333
0.32
0.186667
0.36
0.28
0.38
0.26
0.226667
0.346667
0.4
0.426667
0.273333
0.38
0.313333
0.286667
0.266667
0.306667
0.306667
0.326667
0.346667
0.273333
0.393333
0.253333
0.406667
0.34
0.193333
0.38
0.306667
0.32
0.266667
0.266667
0.846667
0.26
0.326667
0.446667
0.486667
0.246667
0.46
0.193333
0.38
0.346667
0.34
0.293333
0.293333
0.253333
0.26
0.293333
0.253333
0.226667
0.333333
0.26
0.353333
0.24
0.32
0.326667
0.32
0.3
0.573333
0.506667
0.466667
0.34
0.48
0.28
0.32
0.46
0.173333
0.406667
0.46
0.266667
0.48
0.393333
0.453333
0.673333
0.233333
0.313333
0.573333
0.333333
0.326667
0.3
0.326667
0.426667
0.506667
0.666667
0.4
0.353333
0.366667
0.246667
0.353333
0.533333
0.34
0.32
0.606667
0.36
0.38
0.373333
0.22
0.326667
0.393333
0.386667
0.46
0.633333
0.32
0.506667
0.48
0.293333
0.38
0.686667
0.726667
0.393333
0.26
0.253333
0.266667
0.4
0.34
0.366667
0.286667
0.386667
0.273333
0.386667
0.246667
0.453333
0.286667
0.36
0.42
0.646667
0.52
0.386667
0.266667
0.653333
0.32
0.353333
0.22
0.68
0.506667
0.16
0.293333
0.293333
0.62
0.653333
0.226667
0.373333
0.38
0.326667
0.546667
0.573333
0.333333
0.333333
0.273333
0.266667
0.48
0.286667
0.666667
0.62
0.68
0.293333
0.473333
0.333333
0.32
0.286667
0.506667
0.353333
0.7
0.633333
0.253333
0.633333
0.66
0.673333
0.626667
0.393333
0.466667
0.366667
0.4
0.526667
0.693333
0.613333
0.386667
0.533333
0.66
0.333333
0.453333
0.273333
0.266667
0.313333
0.386667
0.613333
0.373333
0.393333
0.393333
0.26
0.64
0.3
0.34
0.233333
0.34
0.3
0.36
0.426667
0.286667
0.386667
0.366667
0.306667
0.313333
0.553333
0.333333
0.346667
0.286667
0.333333
0.353333
0.2
0.32
0.333333
0.353333
0.266667
0.38
0.253333
0.393333
0.6
0.606667
0.326667
0.32
0.386667
0.613333
0.24
0.246667
0.653333
0.64
0.246667
0.326667
0.66
0.34
0.46
0.686667
0.346667
0.286667
0.3
0.653333
0.653333
0.626667
0.326667
0.326667
0.32
0.526667
0.393333
0.546667
0.306667
0.333333
0.326667
0.346667
0.273333
0.26
0.373333
0.566667
0.326667
0.273333
0.5
0.286667
0.213333
0.52
0.393333
0.346667
0.24
0.493333
0.406667
0.32
0.313333
0.373333
0.353333
0.346667
0.34
0.36
0.393333
0.26
0.306667
0.26
0.266667
0.326667
0.293333
0.366667
0.333333
0.2
0.406667
0.34
0.24
0.346667
0.306667
0.353333
0.266667
0.38
0.293333
0.286667
0.26
0.386667
0.18
0.213333
0.36
0.26
0.34
0.246667
0.286667
0.346667
0.366667
0.293333
0.386667
0.36
0.266667
0.293333
0.22
0.273333
0.2
0.42
0.34
0.3
0.273333
0.353333
0.32
0.266667
0.293333
0.246667
0.433333
0.32
0.293333
0.3
0.186667
0.266667
0.366667
0.32
0.326667
0.266667
0.353333
0.393333
0.366667
0.346667
0.333333
0.24
0.326667
0.273333
0.393333
0.353333
0.28
0.266667
0.34
0.153333
0.3
0.333333
0.326667
0.34
0.373333
0.246667
0.266667
0.246667
0.54
0.32
0.34
0.333333
0.26
0.3
0.413333
0.26
0.54
0.586667
0.293333
0.32
0.106667
0.213333
0.26
0.266667
0.246667
0.366667
0.38
0.153333
0.366667
0.213333
0.286667
0.24
0.26
0.273333
0.326667
0.226667
0.34
0.586667
0.513333
0.453333
0.586667
0.373333
0.266667
0.246667
0.093333
0.333333
0.3
0.42
0.493333
0.373333
0.213333
0.28
0.313333
0.273333
0.48
0.266667
0.413333
0.353333
0.16
0.306667
0.333333
1
0.366667
0.406667
0.286667
0.346667
0.393333
0.353333
0.32
0.34
0.386667
0.42
0.373333
0.326667
0.326667
0.286667
0.346667
0.22
0.253333
0.213333
0.253333
0.28
0.293333
0.333333
0.306667
0.286667
0.293333
0.293333
0.36
0.32
0.193333
0.333333
0.24
0.266667
0.333333
0.313333
0.34
0.346667
0.34
0.16
0.313333
0.233333
0.32
0.466667
0.326667
0.326667
0.773333
0.18
0.373333
0.393333
0.266667
0.32
0.46
0.226667
0.193333
0.306667
0.186667
0.106667
0.266667
0.253333
0.233333
0.24
0.26
0.313333
0.273333
0.293333
0.293333
0.133333
0.72
0.346667
0.226667
0.346667
0.18
0.293333
0.253333
0.28
0.266667
0.28
0.353333
0.226667
0.373333
0.253333
0.28
0.353333
0.4
0.293333
0.24
0.193333
0.34
0.366667
0.266667
0.286667
0.333333
0.36
0.366667
0.286667
0.266667
0.273333
0.26
0.253333
0.34
0.26
0.337748
0.273333
0.286667
0.24
0.293333
0.32
0.286667
0.246667
0.266667
0.286667
0.32
0.26
0.42
0.193333
0.32
0.266667
0.273333
0.333333
0.313333
0.266667
0.326667
0.26
0.26
0.253333
0.346667
0.226667
0.226667
0.546667
0.36
0.353333
0.293333
0.606667
0.54
0.38
0.26
0.266667
0.306667
0.3
0.233333
0.22
0.253333
0.333333
0.306667
0.32
0.44
0.28
0.7
0.226667
0.413333
0.706667
0.486667
0.52
0.526667
0.306667
0.46
0.173333
0.453333
0.32
0.553333
0.466667
0.313333
0.393333
0.3
0.233333
0.486667
0.953333
0.3
0.18
0.58
0.5
0.353333
0.36
0.766667
0.56
0.32
0.326667
0.34
0.453333
0.486667
0.3
0.313333
0.28
0.28
0.38
0.273333
0.186667
0.56
0.606667
0.28
0.293333
0.22
0.246667
0.413333
0.42
0.526667
0.32
0.326667
0.173333
0.433333
0.333333
0.226667
0.186667
0.253333
0.413333
0.2
0.346667
0.306667
0.353333
0.34
0.286667
0.513333
0.286667
0.613333
0.753333
0.346667
0.253333
0.306667
0.593333
0.293333
0.286667
0.246667
0.286667
0.753333
0.26
0.18
0.253333
0.3
0.833333
0.373333
0.313333
0.38
0.226667
0.32
0.313333
0.34
0.273333
0.24
0.16
0.286667
0.413333
0.313333
0.34
0.96
0.346667
0.266667
0.6
0.273333
0.293333
0.106667
0.286667
0.266667
0.12
0.246667
0.506667
0.306667
0.36
0.313333
0.346667
0.293333
0.553333
0.3
0.293333
0.326667
0.486667
0.266667
0.273333
0.313333
0.24
0.333333
0.366667
0.333333
0.306667
0.313333
0.32
0.28
0.286667
0.38
0.293333
0.56
0.846667
0.24
0.26
0.233333
0.306667
0.293333
0.286667
0.24
0.273333
0.253333
0.2
0.846667
0.28
0.24
0.313333
0.273333
0.253333
0.266667
0.426667
0.286667
0.446667
0.24
0.22
0.393333
0.233333
0.3
0.326667
0.253333
0.433333
0.306667
0.333333
0.28
0.28
0.233333
0.333333
0.22
0.32
0.333333
0.273333
0.286667
0.326667
0.226667
0.306667
0.34
0.38
0.28
0.566667
0.466667
0.593333
0.286667
0.406667
0.306667
0.46
0.293333
0.226667
0.466667
0.28
0.72
0.313333
0.293333
0.246667
0.373333
0.34
0.4
0.293333
0.493333
0.306667
0.266667
0.686667
0.386667
0.26
0.353333
0.253333
0.38
0.213333
0.353333
0.146667
0.206667
0.16
0.24
0.26
0.313333
0.266667
0.213333
0.34
0.266667
0.333333
0.313333
0.353333
0.266667
0.206667
0.72
0.34
0.253333
0.333333
0.18
0.273333
0.36
0.213333
0.326667
0.3
0.34
0.38
0.24
0.293333
0.266667
0.846667
0.246667
0.326667
0.273333
0.286667
0.34
0.266667
0.24
0.266667
0.326667
0.366667
0.28
0.266667
0.3
0.273333
0.78
0.253333
0.3
0.293333
0.333333
0.233333
0.24
0.28
0.326667
0.82
0.346667
0.286667
0.2
0.233333
0.306667
0.353333
0.273333
0.28
0.32
0.3
0.2
0.266667
0.613333
0.273333
0.226667
0.213333
0.24
0.28
0.246667
0.24
0.253333
0.193333
0.286667
0.253333
0.346667
0.3
0.24
0.26
0.213333
0.433333
0.213333
0.253333
0.333333
0.253333
0.253333
0.2
0.8
0.293333
0.26
0.28
0.4
0.48
0.253333
0.366667
0.766667
0.52
0.946667
0.64
0.473333
0.346667
0.353333
0.986667
0.533333
0.546667
0.306667
0.48
0.306667
0.54
0.646667
0.306667
0.926667
0.48
0.333333
0.346667
0.78
0.313333
0.373333
0.3
0.286667
0.313333
0.473333
0.373333
0.3
0.42
0.486667
0.353333
0.32
0.466667
0.586667
0.4
0.386667
0.3
0.386667
0.393333
0.426667
0.806667
0.366667
0.266667
0.213333
0.86
0.38
0.26
0.313333
0.306667
0.426667
0.406667
0.253333
0.346667
0.346667
0.38
0.34
0.36
0.333333
0.413333
0.413333
0.333333
0.36
0.48
0.293333
0.406667
0.38
0.333333
0.333333
0.746667
0.393333
0.393333
0.48
0.246667
0.386667
0.266667
0.28
0.233333
0.44
0.253333
0.12
0.34
0.133333
0.42
0.366667
0.766667
0.126667
0.386667
0.266667
0.2
0.18
0.306667
0.3
0.3
0.286667
0.306667
0.266667
0.146667
0.2
0.226667
0.3
0.32
0.233333
0.293333
0.3
0.32
0.266667
0.346667
0.346667
0.306667
0.386667
0.293333
0.173333
0.206667
0.266667
0.133333
0.293333
0.266667
0.346667
0.2
0.266667
0.28
0.273333
0.28
0.2
0.326667
0.233333
0.266667
0.306667
0.306667
0.333333
0.34
0.313333
0.24
0.346667
0.313333
0.253333
0.273333
0.246667
0.24
0.233333
0.246667
0.326667
0.293333
0.253333
0.226667
0.366667
0.22
0.306667
0.28
0.18
0.2
0.286667
0.266667
0.313333
0.32
0.16
0.266667
0.233333
0.313333
0.146667
0.306667
0.246667
0.266667
0.306667
0.273333
0.76
0.266667
0.306667
0.333333
0.273333
0.3
0.253333
0.3
0.106667
0.353333
0.26
0.26
0.266667
0.24
0.28
0.253333
0.293333
0.24
0.28
0.2
0.24
0.26
0.253333
0.233333
0.22
0.3
0.226667
0.393333
0.313333
0.301887
0.213333
0.26
0.246667
0.253333
0.313333
0.38
0.32
0.213333
0.3
0.226667
0.246667
0.293333
0.273333
0.26
0.32
0.3
0.246667
0.326667
0.293333
0.193333
0.313333
0.253333
0.366667
0.446667
0.22
0.746667
0.16
0.266667
0.293333
0.113333
0.213333
0.446667
0.473333
0.38
0.3
0.306667
0.3
0.253333
0.153333
0.44
0.62
0.62
0.553333
0.22
0.253333
0.586667
0.32
0.273333
0.4
0.54
0.38
0.246667
0.273333
0.293333
0.2
0.293333
0.493333
0.233333
0.513333
0.42
0.44
0.46
0.26
0.28
0.133333
0.24
0.786667
0.293333
0.293333
0.253333
0.373333
0.74
0.846667
0.186667
0.32
0.293333
0.24
0.326667
0.42
0.3
0.266667
0.633333
0.313333
0.42
0.313333
0.36
0.76
0.3
0.28
0.373333
0.3
0.493333
0.286667
0.32
0.286667
0.293333
0.313333
0.24
0.32
0.346667
0.286667
0.393333
0.306667
0.213333
0.24
0.333333
0.28
0.34
0.76
0.386667
0.353333
0.34
0.24
0.313333
0.32
0.32
0.386667
0.326667
0.32
0.326667
0.273333
0.4
0.253333
0.333333
0.293333
0.286667
0.28
0.286667
0.28
0.333333
0.346667
0.346667
0.226667
0.26
0.313333
0.306667
0.3
0.326667
0.326667
0.346667
0.186667
0.28
0.24
0.34
0.373333
0.353333
0.286667
0.36
0.333333
0.393333
0.373333
0.326667
0.246667
0.473333
0.32
0.3
0.553333
0.273333
0.62
0.293333
0.306667
0.386667
0.446667
0.306667
0.36
0.38
0.766667
0.346667
0.34
0.266667
0.913333
0.253333
0.186667
0.28
0.266667
0.266667
0.306667
0.36
0.146667
0.906667
0.453333
0.14
0.613333
0.846667
0.786667
0.48
0.706667
0.526667
0.706667
0.526667
0.693333
0.506667
0.56
0.453333
0.586667
0.46
0.52
0.453333
0.8
0.52
0.486667
0.653333
0.42
0.44
0.833333
0.48
0.553333
0.393333
0.306667
0.72
0.36
0.606667
0.466667
0.546667
0.373333
0.46
0.64
0.66
0.4
0.393333
0.333333
0.473333
0.506667
0.78
0.62
0.846667
0.58
0.56
0.453333
0.473333
0.4
0.473333
0.546667
0.506667
0.406667
0.42
0.36
0.58
0.72
0.82
0.493333
0.806667
0.54
0.713333
0.48
0.72
0.386667
0.453333
0.313333
0.313333
0.413333
0.66
0.366667
0.853333
0.78
0.72
0.4
0.453333
0.38
0.313333
0.64
0.326667
0.426667
0.766667
0.586667
0.586667
0.98
0.533333
0.393333
0.86
0.926667
0.593333
0.333333
0.74
0.3
0.9
0.473333
0.806667
0.553333
0.573333
0.453333
0.413333
0.426667
0.693333
0.826667
0.76
0.406667
0.6
0.553333
0.426667
0.72
0.706667
0.46
0.633333
0.486667
0.553333
0.306667
0.306667
0.413333
0.58
0.313333
0.526667
0.713333
0.713333
0.5
0.6
0.793333
0.42
0.806667
0.6
0.48
0.462025
0.8
0.446667
0.566667
0.68
0.426667
0.553333
0.546667
0.66
0.893333
0.66
0.373333
0.773333
0.506667
0.446667
0.433333
0.44
0.426667
0.74
0.813333
0.413333
0.433333
0.56
0.34
0.353333
0.72
0.4
0.473333
0.619355
0.366667
0.633333
0.386667
0.486667
0.693333
0.44
0.84
0.5
0.333333
0.713333
0.78
0.353333
0.46
0.933333
0.5
0.4
0.56
1
0.493333
0.433333
0.62
0.36
0.673333
0.626667
0.833333
0.613333
0.78
0.466667
0.973333
0.54
0.486667
0.333333
0.986667
0.486667
0.493333
0.44
0.426667
0.346667
0.5
0.333333
0.686667
0.38
0.493333
0.546667
0.533333
0.466667
0.486667
0.653333
0.613333
0.5
0.52
0.533333
0.64
0.773333
0.553333
0.513333
0.693333
0.213333
0.773333
0.466667
0.186667
0.346667
0.36
0.406667
0.313333
0.233333
0.186667
0.413333
0.293333
0.433333
0.306667
0.306667
0.68
0.353333
0.36
0.566667
0.24
0.453333
0.293333
0.373333
0.86
0.713333
0.733333
0.293333
0.833333
0.393333
0.193333
0.806667
0.293333
0.393333
0.226667
0.373333
0.246667
0.293333
0.36
0.326667
0.393333
0.3
0.453333
0.313333
0.253333
0.266667
0.733333
0.44
0.386667
0.406667
0.32
0.42
0.32
0.26
0.186667
0.366667
0.386667
0.433333
0.28
0.36
0.38
0.426667
0.346667
0.333333
0.306667
0.226667
0.366667
0.38
0.406667
0.28
0.326667
0.433333
0.366667
0.413333
0.24
0.433333
0.326667
0.593333
0.686667
0.68
0.806667
0.406667
0.406667
0.473333
0.533333
0.306667
0.573333
0.293333
0.813333
0.426667
0.266667
0.713333
0.313333
0.2
0.253333
0.253333
0.413333
0.78
0.373333
0.24
0.26
0.253333
0.7
0.5
0.793333
0.246667
0.786667
0.293333
0.353333
0.3
0.64
0.686667
0.386667
0.373333
0.26
0.366667
0.266667
0.28
0.286667
0.28
0.333333
0.306667
0.293333
0.286667
0.246667
0.66
0.286667
0.32
0.36
0.373333
0.353333
0.333333
0.326667
0.366667
0.333333
0.413333
0.266667
0.633333
0.753333
0.26
0.226667
0.226667
0.3
0.293333
0.326667
0.353333
0.36
0.3
0.26
0.806667
0.24
0.306667
0.693333
0.3
0.453333
0.32
0.186667
0.326667
0.406667
0.366667
0.286667
0.32
0.44
0.28
0.273333
0.346667
0.586667
0.36
0.32
0.24
0.26
0.28
0.313333
0.306667
0.32
0.426667
0.286667
0.306667
0.326667
0.28
0.34
0.226667
0.373333
0.353333
0.62
0.32
0.293333
0.673333
0.446667
0.24
0.246667
0.626667
0.62
0.3
0.366667
0.38
0.333333
0.32
0.32
0.306667
0.346667
0.346667
0.26
0.22
0.36
0.313333
0.353333
0.346667
0.26
0.26
0.566667
0.326667
0.706667
0.3
0.733333
0.333333
0.793333
0.66
0.286667
0.386667
0.353333
0.26
0.313333
0.373333
0.313333
0.413333
0.38
0.34
0.273333
0.313333
0.333333
0.286667
0.673333
0.353333
0.286667
0.32
0.286667
0.346667
0.293333
0.28
0.34
0.286667
0.34
0.393333
0.286667
0.253333
0.26
0.3
0.333333
0.4
0.346667
0.346667
0.34
0.293333
0.38
0.293333
0.353333
0.346667
0.28
0.22
0.34
0.273333
0.373333
0.293333
0.253333
0.353333
0.273333
0.346667
0.286667
0.146667
0.24
0.326667
0.36
0.273333
0.346667
0.293333
0.346667
0.366667
0.293333
0.24
0.3
0.28
0.333333
0.253333
0.273333
0.2
0.286667
0.366667
0.4
0.306667
0.36
0.273333
0.246667
0.4
0.42
0.641176
0.393333
0.713333
0.333333
0.273333
0.58
0.566667
0.306667
0.333333
0.446667
0.333333
0.273333
0.42
0.24
0.486667
0.266667
0.293333
0.586667
0.413333
0.293333
0.333333
0.286667
0.506667
0.306667
0.4
0.24
0.373333
0.253333
0.313333
0.633333
0.446667
0.373333
0.293333
0.36
0.213333
0.4
0.253333
0.406667
0.433333
0.433333
0.38
0.386667
0.3
0.273333
0.366667
0.42
0.52
0.326667
0.24
0.34
0.313333
0.46
0.36
0.24
0.593333
0.586667
0.326667
0.266667
0.4
0.386667
0.44
0.346667
0.373333
0.286667
0.353333
0.373333
0.24
0.32
0.206667
0.413333
0.406667
0.34
0.326667
0.426667
0.333333
0.306667
0.373333
0.366667
0.333333
0.346667
0.266667
0.353333
0.286667
0.313333
0.36
0.333333
0.373333
0.266667
0.3
0.273333
0.266667
0.133333
0.313333
0.333333
0.313333
0.486667
0.386667
0.213333
0.28
0.246667
0.426667
0.466667
0.346667
0.28
0.346667
0.4
0.333333
0.353333
0.306667
0.373333
0.26
0.246667
0.193333
0.34
0.28
0.32
0.36
0.326667
0.253333
0.346667
0.326667
0.226667
0.42
0.786667
0.453333
0.466667
0.413333
0.533333
0.3
0.246667
0.32
0.233333
0.553333
0.6
0.333333
0.453333
0.426667
0.366667
0.673333
0.706667
0.5
0.26
0.686667
0.353333
0.526667
0.333333
0.5
0.606667
0.313333
0.42
0.473333
0.4
0.573333
0.433333
0.64
0.633333
0.333333
0.346667
0.54
0.233333
0.213333
0.286667
0.353333
0.233333
0.28
0.633333
0.546667
0.32
0.633333
0.293333
0.206667
0.373333
0.293333
0.333333
0.326667
0.293333
0.3
0.253333
0.273333
0.32
0.333333
0.32
0.293333
0.353333
0.266667
0.24
0.34
0.32
0.34
0.173333
0.366667
0.253333
0.373333
0.333333
0.293333
0.173333
0.366667
0.3
0.306667
0.24
0.246667
0.326667
0.46
0.513333
0.486667
0.526667
0.3
0.446667
0.313333
0.406667
0.306667
0.26
0.3
0.56
0.386667
0.406667
0.26
0.426667
0.613333
0.3
0.393333
0.226667
0.286667
0.366667
0.28
0.333333
0.54
0.38
0.306667
0.28
0.446667
0.38
0.533333
0.28
0.48
0.553333
0.22
0.2
0.513333
0.54
0.253333
0.2
0.34
0.346667
0.473333
0.28
0.42
0.54
0.613333
0.546667
0.433333
0.213333
0.413333
0.493333
0.326667
0.346667
0.5
0.5
0.433333
0.313333
0.613333
0.293333
0.466667
0.433333
0.34
0.606667
0.353333
0.446667
0.486667
0.313333
0.3
0.353333
0.3
0.366667
0.306667
0.306667
0.326667
0.353333
0.3
0.346667
0.306667
0.36
0.366667
0.413333
0.373333
0.32
0.313333
0.313333
0.306667
0.233333
0.326667
0.306667
0.326667
0.326667
0.326667
0.326667
0.326667
0.306667
0.353333
0.306667
0.253333
0.333333
0.313333
0.313333
0.273333
0.273333
0.306667
0.253333
0.3
0.306667
0.313333
0.34
0.326667
0.306667
0.3
0.226667
0.28
0.393333
0.326667
0.273333
0.293333
0.233333
0.273333
0.4
0.353333
0.26
0.28
0.3
0.366667
0.226667
0.34
0.28
0.326667
0.56
0.293333
0.426667
0.36
0.346667
0.753333
0.266667
0.266667
0.253333
0.34
0.3
0.293333
0.293333
0.326667
0.346667
0.353333
0.3
0.28
0.353333
0.266667
0.28
0.346667
0.353333
0.246667
0.32
0.36
0.306667
0.326667
0.38
0.326667
0.266667
0.286667
0.253333
0.293333
0.213333
0.306667
0.34
0.246667
0.326667
0.373333
0.333333
0.313333
0.333333
0.346667
0.346667
0.333333
0.306667
0.333333
0.373333
0.213333
0.353333
0.266667
0.346667
0.273333
0.713333
0.64
0.633333
0.573333
0.58
0.64
0.66
0.733333
0.933333
0.571429
0.753333
0.826667
0.913333
0.56
0.58
0.573333
0.566667
0.82
0.78
0.613333
0.893333
0.546667
0.52
0.666667
0.666667
0.646667
0.726667
0.606667
0.593333
0.58
0.553333
0.706667
0.553333
0.793333
0.633333
0.62
0.54
0.68
0.94
0.666667
0.686667
0.693333
0.673333
0.593333
0.746667
0.533333
0.54
0.893333
0.6
0.566667
0.646667
0.693333
0.646667
0.58
0.76
0.733333
0.713333
0.76
0.54
0.66
0.653333
0.586667
0.546667
0.626667
0.606667
0.566667
0.72
0.56
0.873333
0.813333
0.653333
0.86
0.72
0.48
0.66
0.686667
0.673333
0.8
0.646667
0.717791
0.593333
0.62
0.713333
0.88
0.88
0.813333
0.606667
0.666667
0.42
0.78
0.76
0.626667
0.68
0.626667
0.713333
0.56
0.9
0.786667
0.693333
0.613333
0.673333
0.413333
0.966667
0.693333
0.633333
0.433333
0.6
1
0.82
0.58
0.473333
0.553333
0.4
0.746667
0.473333
0.633333
0.673333
0.693333
0.746667
0.58
0.626667
0.526667
0.573333
0.48
0.72
0.573333
0.846667
0.74
0.753333
0.633333
0.693333
0.38
0.64
0.74
0.646667
0.66
0.68
0.606667
0.686667
0.533333
0.9
0.54
0.653333
0.553333
0.566667
0.933333
0.533333
0.713333
0.793333
0.5
0.613333
0.666667
0.713333
0.58
0.733333
0.46
0.666667
0.713333
0.58
0.686667
0.746667
0.746667
0.666667
0.58
0.953333
0.686667
0.606667
0.5
0.7
0.633333
0.653333
0.76
0.533333
0.566667
0.94
0.66
0.693333
0.606667
0.64
0.666667
0.713333
0.48
0.72
0.813333
0.82
0.846667
0.526667
0.706667
0.626667
0.686667
0.586667
0.58
0.826667
0.426667
0.793333
0.62
0.72
0.673333
0.746667
0.553333
0.52
0.653333
0.82
0.886667
0.613333
0.806667
0.486667
0.54
0.686667
0.86
0.8
0.66
0.426667
0.52
0.733333
0.706667
0.7
0.606667
0.633333
0.606667
0.54
0.546667
0.686667
0.58
0.86
0.853333
0.46
0.8
0.813333
0.666667
0.62
0.56
0.533333
0.5
0.606667
0.593333
0.7
0.486667
0.5
0.9
0.833333
0.52
0.76
0.6
0.753333
0.64
0.793333
0.713333
0.606667
0.573333
0.586667
0.513333
0.493333
0.78
0.873333
0.62
0.726667
0.653333
0.56
0.94
0.586667
0.6
0.78
0.526667
0.486667
0.713333
0.56
0.6
0.62
0.58
0.893333
0.513333
0.58
0.706667
0.573333
0.58
0.553333
0.526667
0.466667
0.646667
0.74
0.606667
0.7
0.926667
0.646667
0.78
0.62
0.713333
0.58
0.826667
0.48
0.573333
0.546667
0.526667
0.613333
0.566667
0.613333
0.74
0.373333
0.58
0.786667
0.533333
0.733333
0.593548
0.613333
0.633333
0.806667
0.713333
0.553333
0.486667
0.506667
0.546667
0.626667
0.54
0.82
0.546667
0.8
0.633333
0.62
0.546667
0.533333
0.833333
0.526667
0.626667
0.666667
0.5
0.746667
0.613333
0.693333
0.633333
0.62
0.78
0.546667
0.553333
0.733333
0.606667
0.826667
0.633333
0.573333
0.473333
0.486667
0.513333
0.753333
0.48
0.56
0.5
0.486667
0.4
0.453333
0.573333
0.553333
0.466667
0.586667
0.466667
0.513333
0.56
0.626667
0.66
0.413333
0.693333
0.613333
0.673333
0.853333
0.526667
0.613333
0.56
0.64
0.68
0.453333
0.38
0.526667
0.58
0.566667
0.473333
0.533333
0.446667
0.573333
0.446667
0.586667
0.726667
0.473333
0.906667
0.513333
0.6
0.873333
0.833333
0.64
0.566667
0.573333
0.506667
0.473333
0.393333
0.373333
0.333333
0.846667
0.553333
0.566667
0.42
0.28
0.246667
0.613333
0.46
0.513333
0.433333
0.406667
0.36
0.626667
0.506667
0.566667
0.66
0.586667
0.52
0.446667
0.786667
0.76
0.573333
0.433333
0.553333
0.473333
0.486667
0.486667
0.513333
0.706667
0.626667
0.633333
0.7
0.726667
0.633333
0.486667
0.48
0.606667
0.586667
0.613333
0.573333
0.44
0.44
0.853333
0.513333
0.44
0.473333
0.753333
0.586667
0.526667
0.48
0.393333
0.446667
0.706667
0.326667
0.746667
0.906667
0.36
0.4
0.56
0.52
0.5
0.646667
0.873333
0.613333
0.333333
0.446667
0.426667
0.44
0.8
0.406667
0.806667
0.673333
0.42
0.386667
0.466667
0.453333
0.56
0.633333
0.88
0.54
0.606667
0.506667
0.606667
0.546667
0.526667
0.7
0.38
0.44
0.72
0.646667
0.473333
0.673333
0.533333
0.34
0.686667
0.833333
0.653333
0.533333
0.68
0.76
0.5
0.513333
0.473333
0.64
0.8
0.493333
0.426667
0.533333
0.493333
0.486667
0.446667
0.466667
0.366667
0.38
0.506667
0.52
0.42
0.453333
0.94
0.54
0.746667
0.74
0.586667
0.906667
0.806667
0.593333
0.646667
0.413333
0.446667
0.72
0.52
0.713333
0.473333
0.9
0.72
0.846667
0.56
0.873333
0.606667
0.506667
0.646667
0.486667
0.486667
0.38
0.413333
0.466667
0.433333
0.353333
0.48
0.4
0.386667
0.426667
0.446667
0.46
0.453333
0.36
0.453333
0.406667
0.493333
0.386667
0.28
0.193333
0.82
0.5
0.96
0.506667
0.333333
0.34
0.673333
0.433333
0.5
0.433333
0.733333
0.573333
0.593333
0.54
0.533333
0.993333
0.726667
0.426667
0.606667
0.58
0.98
0.426667
0.393333
0.646667
0.56
0.713333
0.406667
0.653333
0.673333
0.526667
0.44
0.52
0.426667
0.666667
0.853333
0.34
0.566667
0.493333
0.513333
0.793333
0.353333
0.38
0.54
0.453333
0.653333
0.433333
0.746667
0.526667
0.52
0.646667
0.433333
0.466667
0.613333
0.933333
0.526667
0.46
0.433333
0.5
0.68
0.46
0.313333
0.826667
0.52
0.546667
0.666667
0.486667
0.433333
0.406667
0.513333
0.893333
0.92
0.38
0.406667
0.526667
0.353333
0.406667
0.393333
0.553333
0.553333
0.52
0.393333
0.56
0.533333
0.706667
0.593333
0.6
0.606667
0.386667
0.753333
0.373333
0.42
0.566667
0.66
0.36
0.82
0.38
0.38
0.853333
0.4
0.44
0.466667
0.6
0.92
0.773333
0.626667
0.82
0.486667
0.76
0.426667
0.58
0.673333
0.286667
0.68
0.533333
0.306667
0.44
0.566667
0.52
0.42
0.52
0.46
0.62
0.513333
0.313333
0.46
0.506667
0.32
0.326667
0.446667
0.96
0.34
0.386667
0.553333
0.393333
0.766667
0.546667
0.473333
0.513333
0.766667
1
0.746667
0.466667
0.46
0.5
0.606667
0.62
0.38
0.353333
0.593333
0.566667
0.646667
0.6
0.28
0.52
0.853333
0.373333
0.52
0.446667
0.466667
0.86
0.346667
0.833333
0.44
0.673333
0.366667
0.566667
0.573333
0.446667
0.293333
0.873333
0.366667
0.366667
0.306667
0.6
0.333333
0.36
0.526667
0.426667
0.36
0.3
0.326667
0.42
0.313333
0.56
0.373333
0.52
0.526667
0.426667
0.393333
0.306667
0.76
0.746667
0.32
0.44
0.846667
0.366667
0.393333
0.846667
0.613333
0.366667
0.366667
0.326667
0.36
0.513333
0.42
0.826667
0.293333
0.44
0.333333
0.313333
0.420382
0.68
0.74
0.76
0.913333
0.553333
0.3
0.313333
0.593333
0.24
0.6
0.266667
0.533333
0.913333
0.326667
0.32
0.4
0.506667
0.453333
0.38
0.353333
0.333333
0.393333
0.293333
0.326667
0.28
0.586667
0.226667
0.373333
0.346667
0.4
0.353333
0.3
0.346667
0.34
0.3
0.233333
0.266667
0.5
0.34
0.38
0.32
0.913333
0.346667
0.453333
0.286667
0.726667
0.746667
0.22
0.233333
0.266667
0.253333
0.213333
0.193333
0.22
0.326667
0.22
0.26
0.293333
0.853333
0.3
0.233333
0.26
0.226667
0.213333
0.153333
0.16
0.32
0.3
0.266667
0.706667
0.3
0.206667
0.28
0.22
0.233333
0.22
0.166667
0.226667
0.333333
0.353333
0.286667
0.24
0.233333
0.706667
0.566667
0.666667
0.86
0.813333
0.693333
0.653333
0.726667
0.526667
0.486667
0.493333
0.693333
0.693333
0.773333
0.486667
0.753333
0.46
0.68
0.966667
0.606667
0.686667
0.64
0.713333
0.653333
0.733333
0.72
0.64
0.706667
0.62
0.573333
0.66
0.88
0.713333
0.96
0.673333
0.553333
0.46
0.566667
0.76
0.8
0.84
0.806667
0.62
0.633333
0.5
0.673333
0.573333
0.646667
0.666667
0.74
0.533333
0.613333
0.613333
0.526667
0.693333
0.526667
0.68
0.886667
0.88
0.7
0.473333
0.693333
0.366667
0.54
0.606667
0.58
0.726667
0.546667
0.793333
0.66
0.64
0.573333
0.78
0.413333
0.48
0.726667
0.573333
0.58
0.806667
0.7
0.573333
0.68
0.746667
0.506667
0.653333
0.52
0.56
0.853333
0.526667
0.56
0.873333
0.466667
0.693333
0.58
0.68
0.56
0.773333
0.593333
0.82
0.64
0.626667
0.886667
0.52
0.526667
0.56
0.853333
0.686667
0.853333
0.566667
0.493333
0.393333
0.493333
0.693333
0.533333
0.446667
0.52
0.726667
0.526667
0.7
0.846667
0.52
0.666667
0.793333
0.773333
0.78
0.593333
0.64
0.546667
0.993333
0.553333
0.473333
0.68
0.62
0.426667
0.633333
0.4
0.486667
0.88
0.74
0.533333
0.653333
0.4
0.946667
0.673333
0.6
0.566667
0.926667
0.746667
0.54
0.466667
0.493333
0.453333
0.573333
0.466667
0.92
0.826667
0.56
0.726667
0.613333
0.6
0.693333
0.8
0.553333
0.753333
0.646667
0.646667
0.506667
0.62
0.88
0.36
0.56
0.433333
0.453333
0.386667
0.38
0.993333
0.38
0.66
0.72
0.726667
0.633333
0.48
0.533333
0.433333
0.713333
0.46
0.933333
0.66
0.446667
0.74
0.46
0.873333
0.886667
0.706667
0.553333
0.506667
0.406667
0.606667
0.66
0.533333
0.52
0.72
0.52
0.493333
0.44
0.54
0.546667
0.84
0.426667
0.606667
0.546667
0.52
0.713333
0.4
0.86
0.726667
0.86
0.513333
0.573333
0.473333
0.633333
0.473333
0.733333
0.626667
0.453333
0.5
0.646667
0.586667
0.553333
0.626667
0.44
0.646667
0.933333
0.533333
0.653333
0.58
0.713333
0.58
0.433333
0.626667
0.566667
0.66
0.94
0.466667
0.54
0.76
0.853333
0.693333
0.626667
0.513333
0.706667
0.613333
0.673333
0.76
0.38
0.586667
0.52
0.553333
0.52
0.953333
0.92
0.48
0.546667
0.493333
0.86
0.62
0.426667
0.506667
0.806667
0.7
0.706667
0.553333
0.833333
0.52
0.593333
0.68
0.64
0.64
0.473333
0.62
0.46
0.706667
0.826667
0.52
0.66
0.7
0.84
0.593333
0.406667
0.5
0.606667
0.453333
0.453333
0.586667
0.626667
0.86
0.6
0.533333
0.52
0.426667
0.54
0.76
0.493333
0.42
0.473333
0.973333
0.3
0.54
0.7
0.626667
0.473333
0.72
0.893333
0.466667
0.526667
0.593333
0.513333
0.66
0.633333
0.433333
0.406667
0.4
0.76
0.493333
0.4
0.546667
0.393333
0.426667
0.46
0.453333
0.36
0.793333
0.42
0.4
0.4
0.406667
0.84
0.36
0.68
0.393333
0.48
0.426667
0.466667
0.466667
0.353333
0.386667
0.393333
0.346667
0.46
0.486667
0.446667
0.246667
0.393333
0.446667
0.486667
0.36
0.373333
0.406667
0.4
0.386667
0.5
0.386667
0.72
0.32
0.433333
0.313333
0.313333
0.346667
0.433333
0.346667
0.44
0.373333
0.313333
0.433333
0.313333
0.353333
0.313333
0.38
0.34
0.34
0.5
0.4
0.453333
0.393333
0.233333
0.293333
0.32
0.426667
0.36
0.32
0.366667
0.386667
0.38
0.34
0.366667
0.286667
0.313333
0.373333
0.586667
0.426667
0.32
0.34
0.293333
0.313333
0.326667
0.346667
0.333333
0.346667
0.353333
0.34
0.406667
0.426667
0.36
0.333333
0.293333
0.326667
0.393333
0.36
0.993333
0.386667
0.326667
0.326667
0.32
0.293333
0.32
0.34
0.353333
0.286667
0.306667
0.326667
0.306667
0.28
0.353333
0.293333
0.326667
0.653333
0.24
0.32
0.34
0.313333
0.313333
0.26
0.3
0.38
0.186667
0.36
0.373333
0.313333
0.26
0.3
0.246667
0.313333
0.28
0.36
0.293333
0.36
0.3
0.326667
0.32
0.28
0.353333
0.233333
0.44
0.386667
0.386667
0.346667
0.32
0.32
0.266667
0.326667
0.293333
0.273333
0.953333
0.333333
0.38
0.28
0.326667
0.366667
0.326667
0.333333
0.3
0.273333
0.266667
0.326667
0.4
0.393333
0.253333
0.34
0.333333
0.313333
0.326667
0.34
0.32
0.3
0.2
0.333333
0.34
0.326667
0.346667
0.386667
0.266667
0.4
0.42
0.386667
0.34
0.38
0.26
0.333333
0.346667
0.38
0.386667
0.8
0.773333
0.2
0.28
0.273333
0.373333
0.373333
0.273333
0.373333
0.386667
0.313333
0.326797
0.28
0.306667
0.313333
0.306667
0.326667
0.373333
0.313333
0.306667
0.306667
0.293333
0.24
0.226667
0.333333
0.333333
0.32
0.346667
0.273333
0.36
0.286667
0.346667
0.313333
0.293333
0.24
0.28
0.226667
0.26
0.28
0.226667
0.286667
0.253333
0.26
0.206667
0.24
0.26
0.3
0.22
0.193333
0.333333
0.36
0.373333
0.326667
0.853333
0.24
0.34
0.326667
0.353333
0.36
0.393333
0.34
0.406667
0.38
0.306667
0.34
0.373333
0.24
0.28
0.893333
0.32
0.28
0.28
0.32
0.82
0.273333
0.273333
0.34
0.92
0.32
0.273333
0.306667
0.36
0.313333
0.326667
0.286667
0.253333
0.393333
0.326667
0.373333
0.34
0.86
0.7
0.993333
0.373333
0.346667
0.32
0.3
0.3
0.406667
0.293333
0.32
0.32
0.306667
0.28
0.426667
0.2
0.3
0.36
0.38
0.273333
0.466667
0.366667
0.3
0.32
0.326667
0.44
0.393333
0.353333
0.353333
0.88
0.373333
0.333333
0.253333
0.32
0.36
0.26
0.313333
0.326667
0.553333
0.506667
0.52
0.5
0.486667
0.7
0.706667
0.633333
0.533333
0.486667
0.38
0.453333
0.52
0.56
0.36
0.6
0.553333
0.46
0.72
0.546667
0.433333
0.653333
0.426667
0.706667
0.544872
0.46
0.313333
0.466667
0.586667
0.613333
0.56
0.693333
0.573333
0.433333
0.56
0.3
0.426667
0.46
0.72
0.7
0.433333
0.346667
0.646667
0.573333
0.993333
0.56
0.4
0.606667
0.6
0.68
0.813333
0.48
0.573333
0.466667
0.68
0.473333
0.9
0.78
0.526667
0.602564
0.713333
0.626667
0.753333
0.533333
0.346667
0.38
0.4
0.54
0.4
0.353333
0.6
0.353333
0.56
0.273333
0.713333
0.813333
0.58
0.446667
0.386667
0.38
0.613333
0.593333
0.84
0.533333
0.386667
0.693333
0.5
0.366667
0.506667
0.346667
0.866667
0.406667
0.66
0.566667
0.146667
0.693333
0.833333
0.62
0.453333
0.386667
0.373333
0.806667
0.393333
0.686667
0.78
0.613333
0.486667
0.313333
0.506667
0.566667
0.886667
0.626667
0.353333
0.633333
0.52
0.366667
0.646667
0.28
0.28
0.373333
0.653333
0.38
0.56
0.7
0.74
0.6
0.22
0.593333
0.373333
0.333333
0.38
0.5
0.7
0.593333
0.786667
0.713333
0.36
0.353333
0.493333
0.72
0.4
0.666667
0.346667
0.38
0.9
0.386667
0.406667
0.706667
0.373333
0.32
0.3
0.393333
0.433333
0.813333
0.433333
0.406667
0.413333
0.54
0.293333
0.633333
0.413333
0.66
0.426667
0.766667
0.593333
0.393333
0.54
0.673333
0.74
0.446667
0.633333
0.44
0.506667
0.8
0.593333
0.406667
0.64
0.313333
0.686667
0.326667
0.46
0.706667
0.293333
0.293333
0.666667
0.44
0.466667
0.32
0.453333
0.466667
0.3
0.4
0.386667
0.42
0.446667
0.633333
0.906667
0.806667
0.526667
0.406667
0.593333
0.56
0.646667
0.553333
0.58
0.606667
0.613333
0.66
0.506667
0.66
0.486667
0.426667
0.733333
0.566667
0.373333
0.373333
0.606667
0.293333
0.426667
0.333333
0.466667
0.553333
0.466667
0.853333
0.493333
0.7
0.5
0.486667
0.386667
0.6
0.433333
0.513333
0.386667
0.473333
0.366667
0.473333
0.3
0.4
0.346667
0.553333
0.52
0.36
0.413333
0.7
0.453333
0.953333
0.6
0.4
0.466667
0.513333
0.34
0.38
0.873333
0.4
0.4
0.54
0.52
0.353333
0.38
0.386667
0.353333
0.753333
0.826667
0.566667
0.826667
0.52
0.453333
0.546667
0.813333
0.42
0.626667
0.34
0.6
0.373333
0.4
0.8
0.353333
0.413333
0.84
0.58
0.286667
0.373333
0.413333
0.326667
0.5
0.433333
0.54
0.286667
0.546667
0.413333
0.573333
0.72
0.76
0.48
0.4
0.52
0.693333
0.713333
0.46
0.313333
0.793333
0.366667
0.34
0.573333
0.34
0.566667
0.64
0.293333
0.426667
0.486667
0.693333
0.653333
0.493333
0.613333
0.6
0.686667
0.5
0.586667
0.433333
0.38
0.393333
0.393333
0.42
0.366667
0.473333
0.606667
0.526667
0.606667
0.493333
0.573333
0.373333
0.28
0.36
0.42
0.466667
0.353333
0.446667
0.48
0.42
0.326667
0.54
0.7
0.233333
0.22
0.68
0.786667
0.833333
0.42
0.586667
0.4
0.433333
0.493333
0.593333
0.433333
0.5
0.46
0.42
0.613333
0.86
0.386667
0.633333
0.48
0.46
0.4
0.38
0.586667
0.593333
0.373333
0.42
0.346667
0.346667
0.38
0.413333
0.36
0.386667
0.386667
0.32
0.273333
0.493333
0.466667
0.86
0.326667
0.546667
0.346667
0.4
0.306667
0.46
0.433333
0.52
0.373333
0.426667
0.326667
0.24
0.46
0.693333
0.4
0.48
0.44
0.36
0.4
0.42
0.573333
0.453333
0.273333
0.406667
0.433333
0.366667
0.36
0.48
0.293333
0.486667
0.386667
0.42
0.466667
0.54
0.473333
0.613333
0.56
0.366667
0.386667
0.4
0.9
0.426667
0.413333
0.506667
0.386667
0.386667
0.566667
0.526667
0.613333
0.366667
0.373333
0.326667
0.62
0.493333
0.466667
0.553333
0.726667
0.44
0.4
0.486667
0.52
0.546667
0.566667
0.473333
0.48
0.66
0.513333
0.7
0.62
0.493333
0.48
0.406667
0.533333
0.273333
0.52
0.42
0.36
0.566667
0.84
0.7
0.66
0.606667
0.44
0.793333
0.466667
0.48
0.62
0.44
0.48
0.6
0.42
0.38
0.486667
0.553333
0.453333
0.36
0.553333
0.926667
0.886667
0.833333
0.32
0.766667
0.626667
0.52
0.666667
0.346667
0.606667
0.406667
0.48
0.4
0.573333
0.606667
0.473333
0.653333
0.373333
0.533333
0.333333
0.386667
0.333333
0.46
0.6
0.433333
0.446667
0.406667
0.5
0.453333
0.573333
0.806667
0.4
0.586667
0.426667
0.32
0.526667
0.453333
0.606667
0.313333
0.62
0.633333
0.426667
0.313333
0.64
0.446667
0.44
0.72
0.673333
0.44
0.473333
0.506667
0.733333
0.373333
0.753333
0.66
0.34
0.506667
0.52
0.846667
0.413333
0.76
0.3
0.46
0.44
0.606667
0.413333
0.493333
0.42
0.6
0.566667
0.406667
0.526667
0.66
0.473333
0.346667
0.34
0.926667
0.353333
0.853333
0.413333
0.413333
0.313333
0.44
0.366667
0.433333
0.42
0.34
0.453333
0.406667
0.52
0.373333
0.42
0.493333
0.513333
0.426667
0.54
0.466667
0.42
0.453333
0.533333
0.653333
0.426667
0.573333
0.513333
0.446667
0.426667
0.546667
0.5
0.62
0.433333
0.766667
0.42
0.64
0.346667
0.433333
0.393333
0.653333
0.566667
0.66
0.506667
0.533333
0.646667
0.58
0.573333
0.333333
0.54
0.613333
0.666667
0.433333
0.546667
0.513333
0.573333
0.3
0.62
0.646667
0.686667
0.693333
0.433333
0.38
0.513333
0.473333
0.453333
0.72
0.42
0.366667
0.646667
0.633333
0.526667
0.98
0.573333
0.613333
0.4
0.473333
0.373333
0.513333
0.406667
0.46
0.513333
0.433333
0.386667
0.46
0.466667
0.44
0.386667
0.4
0.493333
0.4
0.56
0.54
0.466667
0.653333
0.486667
0.406667
0.586667
0.88
0.506667
0.353333
0.613333
0.366667
0.3
0.466667
0.42
0.466667
0.506667
0.286667
0.373333
0.406667
0.193333
0.526667
0.373333
0.526667
0.453333
0.626667
0.846667
0.533333
0.386667
0.5
0.206667
0.2
0.513333
0.353333
0.36
0.4
0.44
0.486667
0.393333
0.393333
0.5
0.52
0.473333
0.34
0.406667
0.353333
0.44
0.406667
0.4
0.36
0.373333
0.373333
0.426667
0.393333
0.34
0.306667
0.353333
0.38
0.306667
0.426667
0.52
0.38
0.533333
0.433333
0.46
0.44
0.373333
0.553333
0.433333
0.293333
0.446667
0.42
0.433333
0.52
0.44
0.58
0.973333
0.586667
0.62
0.44
0.493333
0.586667
0.626667
0.566667
0.566667
0.533333
0.373333
0.893333
0.606667
0.326667
0.273333
0.346667
0.606667
0.366667
0.473333
0.406667
0.38
0.373333
0.44
0.506667
0.533333
0.546667
0.36
0.466667
0.493333
0.493333
0.393333
0.326667
0.48
0.706667
0.266667
0.6
0.373333
0.446667
0.293333
0.42
0.566667
0.4
0.386667
0.466667
0.606667
0.513333
0.366667
0.333333
0.726667
0.413333
0.593333
0.76
0.533333
0.413333
0.366667
0.36
0.42
0.653333
0.453333
0.566667
0.826667
0.846667
0.54
0.5
0.48
0.586667
0.5
0.76
0.52
0.546667
0.32
0.506667
0.646667
0.48
0.333333
0.906667
0.206667
0.386667
0.606667
0.393333
0.506667
0.473333
0.66
0.513333
0.36
0.4
0.42
0.546667
0.426667
0.5
0.433333
0.473333
0.68
0.546667
0.833333
0.633333
0.473333
0.466667
0.726667
0.213333
0.62
0.373333
0.433333
0.46
0.386667
0.453333
0.526667
0.546667
0.62
0.573333
0.42
0.26
0.433333
0.606667
0.48
0.6
0.733333
0.693333
0.626667
0.48
0.486667
0.506667
0.68
0.56
0.913333
0.36
0.566667
0.82
0.626667
0.346667
0.42
0.466667
0.313333
0.9
0.546667
0.726667
0.733333
0.36
0.58
0.573333
0.38
0.52
0.393333
0.7
0.366667
0.44
0.32
0.653333
0.306667
0.44
0.326667
0.82
0.573333
0.293333
0.34
0.426667
0.373333
0.62
0.38
0.366667
0.353333
0.826667
0.873333
0.733333
0.42
0.326667
0.7
0.426667
0.273333
0.46
0.42
1
0.28
0.446667
0.426667
0.88
0.406667
0.493333
0.466667
0.546667
0.846667
0.2
0.573333
0.306667
0.413333
0.566667
0.546667
0.593333
0.406667
0.42
0.433333
0.78
0.36
0.466667
0.453333
0.453333
0.393333
0.46
0.44
0.473333
0.46
0.84
0.566667
0.406667
0.446667
0.52
0.76
0.553333
0.293333
0.653333
0.44
0.446667
0.78
0.326667
0.393333
0.586667
0.2
0.573333
0.633333
0.553333
0.52
0.446667
0.546667
0.453333
0.48
0.6
0.42
0.533333
0.646667
0.613333
0.466667
0.406667
0.42
0.4
0.606667
0.606667
0.473333
0.826667
0.72
0.5
0.613333
0.493333
0.573333
0.893333
0.553333
0.42
0.513333
0.326667
0.44
0.92
0.46
0.613333
0.46
0.553333
0.393333
0.666667
0.44
0.386667
0.446667
0.513333
0.44
1
0.553333
0.82
0.42
0.466667
0.433333
0.5
0.56
0.413333
0.42
0.566667
0.533333
0.553333
0.466667
0.366667
0.34
0.28
0.54
0.6
0.513333
0.386667
0.753333
0.553333
0.606667
0.553333
0.693333
0.713333
0.6
0.533333
0.5
0.653333
0.586667
0.386667
0.506667
0.433333
0.753333
0.473333
0.56
0.46
0.38
0.473333
0.566667
0.9
0.266667
0.413333
0.406667
0.453333
0.54
0.486667
0.673333
0.426667
0.413333
0.38
0.38
0.92
0.626667
0.54
0.533333
0.54
0.653333
1
0.693333
0.433333
0.346667
0.4
0.333333
0.386667
0.273333
0.486667
0.533333
0.333333
0.413333
0.933333
0.626667
0.58
0.866667
0.66
0.426667
0.293333
0.24
0.6
0.486667
0.486667
0.64
0.486667
0.553333
0.533333
0.693333
0.24
0.593333
0.926667
0.586667
0.486667
0.46
0.286667
0.566667
0.706667
0.693333
0.88
0.906667
0.66
0.72
0.626667
0.48
0.486667
0.493333
0.486667
0.52
0.586667
0.477124
0.426667
0.8
0.573333
0.54
0.6
0.373333
0.6
0.806667
0.82
0.546667
0.346667
0.646667
0.486667
0.713333
0.393333
0.426667
0.713333
0.693333
0.426667
0.626667
0.34
0.413333
0.633333
0.36
0.473333
0.473333
0.38
0.373333
0.593333
0.353333
0.48
0.4
0.466667
0.753333
0.846667
0.68
0.34
0.3
0.366667
0.606667
0.413333
0.353333
0.346667
0.426667
0.466667
0.566667
0.466667
0.506667
0.38
0.86
0.346667
0.546667
0.426667
0.286667
0.906667
0.393333
0.9
0.466667
0.253333
0.433333
0.573333
0.38
0.353333
0.406667
0.453333
0.52
0.446667
0.366667
0.426667
0.793333
0.506667
0.346667
0.4
0.78
0.866667
0.506667
0.373333
0.4
0.48
0.346667
0.473333
0.173333
0.726667
0.401274
0.413333
0.36
0.346667
0.44
0.406667
0.413333
0.453333
0.34
0.373333
0.413333
0.453333
0.893333
0.573333
0.64
0.286667
0.473333
0.576687
0.48
0.666667
0.38
0.533333
0.56
0.686667
0.513333
0.393333
0.353333
0.366667
0.6
0.34
0.426667
0.746667
0.426667
0.586667
0.82
0.52
0.586667
0.766667
0.506667
0.393333
0.413333
0.606667
0.24
0.34
0.366667
0.666667
0.753333
0.673333
0.526667
0.506667
0.58
0.64
0.586667
0.446667
0.466667
0.52
0.52
0.273333
0.566667
0.7
0.506667
0.393333
0.3
0.7
0.766667
0.593333
0.34
0.6
0.76
0.573333
0.493333
0.92
0.44
0.386667
0.573333
0.526667
0.74
0.153333
0.253333
0.706667
0.62
0.373333
0.706667
0.44
0.586667
0.34
0.366667
0.566667
0.446667
0.373333
0.653333
0.813333
0.366667
0.386667
0.4
0.48
0.653333
0.386667
0.633333
0.74
0.266667
0.76
0.666667
0.506667
0.586667
0.413333
0.453333
0.8
0.653333
0.573333
0.64
0.38
0.62
0.4
0.766667
0.6
0.386667
0.88
0.413333
0.58
0.593333
0.873333
0.513333
0.766667
0.906667
0.893333
0.413333
0.366667
0.633333
0.926667
0.413333
0.42
0.473333
0.386667
0.38
0.32
0.446667
0.606667
0.58
0.746667
0.373333
0.453333
0.413333
0.64
0.36
0.653333
0.36
0.72
0.593333
0.28
0.413333
0.726667
0.653333
0.4
0.446667
0.306667
0.326667
0.386667
0.413333
0.406667
0.393333
0.546667
0.533333
0.446667
0.433333
0.3
0.32
0.88
0.34
0.413333
0.46
0.46
0.426667
0.546667
0.366667
0.373333
0.293333
0.393333
0.866667
0.446667
0.32
0.46
0.333333
0.453333
0.386667
0.4
0.566667
0.133333
0.486667
0.173333
0.44
0.62
0.473333
0.4
0.493333
0.473333
0.326667
0.346667
0.48
0.533333
0.42
0.666667
0.42
0.686667
0.413333
0.36
0.34
0.266667
0.686667
0.506667
0.553333
0.626667
0.733333
0.413333
0.426667
0.826667
0.74
0.46
0.433333
0.22
0.24
0.44
0.513333
0.42
0.486667
0.413333
0.58
0.826667
0.86
0.573333
0.633333
0.566667
0.593333
0.633333
0.78
0.46
0.846667
0.773333
0.722581
0.586667
0.586667
0.74
0.646667
0.506667
0.94
0.54
0.606667
0.64
0.66
0.473333
0.633333
0.78
0.726667
0.913333
0.826667
0.653333
0.64
0.846667
0.813333
0.486667
0.88
0.76
0.986667
0.573333
0.573333
0.76
0.813333
0.666667
0.586667
0.56
0.646667
0.64
0.62
0.513333
0.82
0.853333
0.573333
0.653333
0.493333
0.313333
0.673333
0.66
0.913333
0.726667
0.54
0.486667
0.7
0.54
0.446667
0.873333
0.9
0.493333
0.853333
0.713333
0.933333
0.653333
0.673333
0.66
0.733333
0.673333
0.586667
0.5
0.446667
0.486667
0.54
0.773333
0.786667
0.6
0.753333
0.906667
0.82
0.933333
0.753333
0.613333
0.46
0.546667
0.666667
0.52
0.533333
0.546667
0.2
0.573333
0.66
0.333333
0.28
0.473333
0.4
0.413333
0.666667
0.746667
0.553333
0.786667
0.966667
0.546667
0.553333
0.546667
0.9
0.473333
0.52
0.92053
0.346667
0.493333
0.84
0.64
0.64
0.5
0.913333
0.913333
0.74
0.746667
0.666667
0.566667
0.606667
0.593333
0.546667
0.56
0.726667
0.806667
0.553333
0.793333
0.64
0.54
0.573333
0.713333
0.733333
0.4
0.913333
0.646667
0.653333
0.733333
0.46
0.6
0.66
0.54
0.573333
0.573333
0.466667
0.526667
0.64
0.64
0.846667
0.946667
0.806667
0.64
0.56
0.72
0.646667
0.56
0.673333
0.746667
0.866667
0.453333
0.606667
0.64
0.5
0.653333
0.86
0.646667
0.906667
0.406667
0.5
0.64
0.453333
0.613333
0.606667
0.526667
0.72
0.526667
0.64
0.58
0.62
0.846667
0.793333
0.74
0.586667
0.453333
0.793333
0.646667
0.893333
0.733333
0.546667
0.513333
0.64
0.853333
0.673333
0.593333
0.84
0.553333
0.866667
0.52
0.866667
0.966667
0.86
0.753333
0.586667
0.553333
0.513333
0.653333
0.62
0.64
0.846667
0.74
0.713333
0.513333
0.866667
0.653333
0.573333
0.42
0.74
0.546667
0.866667
0.54
0.773333
0.626667
0.486667
0.64
0.46
0.4
0.473333
0.44
0.513333
0.446667
0.513333
0.46
0.48
0.506667
0.426667
0.546667
0.42
0.466667
0.426667
0.213333
0.4
0.453333
0.386667
0.46
0.5
0.36
0.293333
0.433333
0.38
0.873333
0.373333
0.9
0.32
0.38
0.46
0.28
0.386667
0.746667
0.4
0.306667
0.526667
0.266667
0.54
0.58
0.5
0.293333
0.5
0.466667
0.58
0.466667
0.6
0.5
0.9
0.493333
0.7
0.313333
0.526667
0.513333
0.88
0.24
0.513333
0.333333
0.433333
0.84
0.466667
0.94
0.3
0.24
0.433333
0.28
0.733333
0.46
0.4
0.24
0.466667
0.266667
0.46
0.326667
0.366667
0.42
0.513333
0.413333
0.46
0.4
0.466667
0.326667
0.566667
0.306667
0.373333
0.333333
0.435897
0.493333
0.406667
0.44
0.72
0.793333
0.686667
0.353333
0.386667
0.866667
0.313333
0.866667
0.66
0.286667
0.44
0.306667
0.693333
0.426667
0.406667
0.406667
0.413333
0.213333
0.293333
0.306667
0.36
0.546667
0.48
0.533333
0.426667
0.42
0.88
0.306667
0.333333
0.38
0.446667
0.373333
0.3
0.42
0.366667
0.373333
0.34
0.473333
0.36
0.42
0.346667
0.413333
0.453333
0.34
0.813333
0.373333
0.3
0.313333
0.366667
0.326667
0.406667
0.413333
0.353333
0.893333
0.353333
0.353333
0.346667
0.306667
0.386667
0.353333
0.413333
0.34
0.413333
0.946667
0.366667
0.3
0.453333
0.36
0.306667
0.3
0.32
0.24
0.326667
0.346667
0.286667
0.346667
0.393333
0.886667
0.326667
0.273333
0.833333
0.293333
0.306667
0.94
0.273333
0.366667
0.88
0.353333
0.36
0.726667
0.4
0.806667
0.346667
0.293333
0.32
0.413333
0.673333
0.38
0.38
0.393333
0.46
0.366667
0.38
0.393333
0.36
0.473333
0.353333
0.493333
0.48
0.513333
0.373333
0.34
0.46
0.333333
0.54
0.326667
0.266667
0.44
0.306667
0.786667
0.18
0.38
0.926667
0.373333
0.773333
0.450331
0.786667
0.506667
0.38
0.413333
0.366667
0.453333
0.406667
0.466667
0.486667
0.326667
0.466667
0.426667
0.38
0.5
0.513333
0.46
0.446667
0.306667
0.293333
0.686667
0.386667
0.373333
0.506667
0.386667
0.84
0.326667
0.413333
0.3
0.426667
0.38
0.366667
0.346667
0.693333
0.486667
0.933333
0.273333
0.353333
0.353333
0.326667
0.726667
0.453333
0.353333
0.28
0.785
0.54
0.66
0.45
0.82
0.575
0.6
0.5
0.53
0.425
0.46
0.895
0.675
0.71
0.865
0.635
0.535
0.58
0.865
0.7
0.44
0.345
0.56
0.435
0.49
0.79
0.906667
0.51
0.44
0.915
0.49
0.535
0.715
0.47
0.55
0.8
0.35
0.835
0.575
0.585
0.13
0.525
0.6
0.52
0.86
0.4
0.49
0.505
0.455
0.45
0.265
0.495
0.425
0.49
0.325
0.285
0.335
0.39
0.38
0.42
0.98
0.32
0.325
0.37
0.415
0.475
0.38
0.35
0.485
0.365
0.315
0.455
0.52
0.405
0.05
0.745
0.43
0.855
0.89
0.55
0.81
0.945
0.745
0.465
1
0.57
0.61
0.825
0.79
0.49
0.665
0.565
0.725
0.605
0.795
0.34
0.71
0.53
0.485
0.465
0.605
0.805
0.32
0.705
0.895
0.88
0.96
0.715
0.63
0.565
0.895
0.41
0.585
0.91
0.575
0.31
0.565
0.34
0.64
0.45
0.79
0.51
0.49
0.48
0.56
0.885
0.415
0.685
0.88
0.505
0.295
0.9
0.37
0.28
0.26
0.31
0.69
0.845
0.28
0.335
0.455
0.475
0.365
0.435
0.34
0.59
0.305
0.61
0.48
0.93
0.715
0.41
0.43
0.585
0.435
0.46
0.6
0.465
0.685
0.765
0.74
0.85
0.465
0.43
0.85
0.695
0.425
0.55
0.455
0.92
0.33
0.48
0.585
0.615
0.415
0.45
0.675
0.24
0.26
0.285
0.225
0.26
0.606667
0.58
0.753333
0.546667
0.773333
0.673333
0.8
0.726667
0.245
0.686667
0.28
0.275
0.27
0.3
0.295
0.35
0.265
0.23
0.27
0.23
0.235
0.255
0.315
0.37
0.295
0.24
0.225
0.325
0.34
0.28
0.2
0.315
0.23
0.35
0.27
0.225
0.305
0.275
0.32
0.3
0.25
0.26
0.305
0.24
0.26
0.285
0.285
0.31
0.25
0.325
0.285
0.325
0.27
0.905
0.265
0.33
0.235
0.205
0.27
0.21
0.305
0.265
0.935
0.27
0.245
0.325
0.245
0.25
0.31
0.28
0.24
0.285
0.28
0.21
0.22
0.24
0.29
0.265
0.245
0.32
0.32
0.25
0.28
0.31
0.215
0.255
0.325
0.235
0.29
0.26
0.355
0.26
0.25
0.22
0.205
0.29
0.31
0.23
0.24
0.24
0.255
0.265
0.295
0.175
0.275
0.26
0.27
0.235
0.205
0.27
0.24
0.28
0.24
0.275
0.22
0.28
0.365
0.275
0.255
0.28
0.22
0.23
1
0.315
0.275
0.29
0.36
0.295
0.27
0.26
0.305
0.19
0.285
0.34
0.28
0.305
0.205
0.23
0.28
0.22
0.295
0.2
0.22
0.27
0.3
0.375
0.24
0.23
0.335
0.205
0.315
0.325
0.295
0.285
0.27
0.27
0.31
0.265
0.3
0.3
0.77
0.275
0.27
0.27
0.335
0.295
0.19
0.295
0.23
0.23
0.225
0.245
0.26
0.215
0.25
0.28
0.275
0.25
0.35
0.29
0.29
0.27
0.27
0.255
0.3
0.205
0.31
0.22
0.205
0.255
0.27
0.225
0.255
0.265
0.21
0.25
0.266667
0.286667
0.28
0.32
0.526667
0.833333
0.58
0.626667
0.546667
0.573333
0.573333
0.553333
0.28
0.653333
0.953333
0.746667
0.426667
0.966667
0.573333
0.68
0.52
0.553333
0.606667
0.606667
0.38
0.78
0.546667
0.946667
0.78
0.626667
0.333333
0.433333
0.566667
0.486667
0.413333
0.64
0.406667
0.546667
0.38
0.5
0.453333
0.573333
0.76
0.486667
0.573333
0.42
0.646667
0.246667
0.4
0.313333
0.373333
0.86
0.36
0.406667
0.373333
0.726667
0.353333
0.366667
0.286667
0.3
0.26
0.573333
0.433333
0.806667
0.466667
0.746667
0.473333
0.393333
0.373333
0.52
0.373333
0.366667
0.386667
0.386667
0.573333
0.613333
0.813333
0.54
0.593333
0.586667
0.306667
0.566667
0.34
0.333333
0.373333
0.34
0.32
0.353333
0.366667
0.426667
0.386667
0.433333
0.346667
0.337748
0.733333
0.846667
0.293333
0.813333
0.28
0.36
0.266667
0.306667
0.293333
0.306667
0.686667
0.226667
0.32
0.393333
0.32
0.3
0.28
0.266667
0.893333
0.333333
0.24
0.293333
0.266667
0.313333
0.933333
0.306667
0.4
0.313333
0.306667
0.726667
0.333333
0.38
0.293333
0.433333
0.58
0.36
0.366667
0.74
0.32
0.38
0.266667
0.286667
0.306667
0.286667
0.373333
0.38
0.733333
0.266667
0.366667
1
0.293333
0.36
0.333333
0.326667
0.3
0.36
0.333333
0.273333
0.286667
0.226667
0.3
0.873333
0.273333
0.753333
0.306667
0.38
0.32
0.28
0.3
0.32
0.353333
0.3
0.313333
0.326667
0.286667
0.333333
0.28
0.346667
0.286667
0.306667
0.326667
0.28
0.38
0.213333
0.353333
0.4
0.42
0.486667
0.32
0.493333
0.773333
0.386667
0.64
0.253333
0.96
0.466667
0.453333
0.486667
0.46
0.486667
0.393333
0.333333
0.813333
0.393333
0.406667
0.6
0.486667
0.393333
0.526667
0.586667
0.553333
0.286667
0.466667
0.34
0.433333
0.486667
0.306667
0.413333
0.68
0.433333
0.326667
0.293333
0.326667
0.326667
0.273333
0.206667
0.393333
0.3
0.913333
0.386667
0.253333
0.22
0.32
0.333333
0.246667
0.3
0.286667
0.213333
0.326667
0.273333
0.266667
0.333333
0.326667
0.213333
0.373333
0.24
0.32
0.26
0.786667
0.233333
0.26
0.286667
0.24
0.273333
0.8
0.253333
0.32
0.226667
0.34
0.293333
0.193333
0.24
0.32
0.3
0.246667
0.333333
0.226667
0.293333
0.326667
0.246667
0.3
0.686667
0.273333
0.266667
0.246667
0.34
0.286667
0.32
0.7
0.453333
0.326667
0.286667
0.34
0.566667
0.346667
0.493333
0.446667
0.56
0.946667
0.473333
0.553333
0.333333
0.373333
0.5
0.346667
0.373333
0.36
0.273333
0.233333
0.32
0.32
0.173333
0.213333
0.94
0.18
0.266667
0.333333
0.733333
0.3
0.426667
0.786667
0.82
0.753333
0.46
0.186667
0.913333
0.246667
0.58
0.613333
0.72
0.433333
0.746667
0.84
0.586667
0.473333
0.74
0.513333
0.966667
0.8
0.606667
0.793333
0.746667
0.426667
0.753333
0.686667
0.753333
0.553333
0.906667
0.466667
0.446667
0.446667
0.673333
0.38
0.553333
0.473333
0.746667
0.673333
0.4
0.42
0.413333
0.413333
0.32
0.46
0.48
0.653333
0.586667
0.48
0.493333
0.566667
0.366667
0.56
0.226667
0.386667
0.48
0.32
0.36
0.273333
0.46
0.293333
0.393333
0.26
0.226667
0.28
0.26
0.98
0.4
0.7
0.753333
0.713333
0.386667
0.52
0.486667
0.38
0.433333
0.42
0.42
0.333333
0.36
0.526667
0.513333
0.5
0.513333
0.44
0.606667
0.506667
0.813333
0.506667
0.46
0.506667
0.34
0.453333
0.293333
0.486667
0.286667
0.76
0.42
0.76
0.353333
0.466667
0.226667
0.813333
0.313333
0.886667
0.473333
0.6
0.68
0.573333
0.793333
0.213333
0.44
0.486667
0.506667
0.833333
0.673333
0.646667
0.24
0.313333
0.58
0.373333
0.366667
0.34
0.34
0.433333
0.426667
0.233333
0.453333
0.253333
0.44
0.553333
0.573333
0.3
0.42
0.3
0.278146
0.38
0.453333
0.46
0.473333
0.353333
0.586667
0.38
0.38
0.493333
0.266667
0.34
0.34
0.66
0.933333
0.44
0.506667
0.333333
0.453333
0.533333
0.406667
0.306667
0.56
0.68
0.426667
0.433333
0.4
0.433333
0.226667
0.313333
0.266667
0.566667
0.366667
0.713333
0.28
0.273333
0.493333
0.693333
0.64
0.4
0.34
0.413333
0.44
0.86
0.373333
0.46
0.38
0.473333
0.446667
0.18
0.406667
0.76
0.433333
0.233333
0.266667
0.58
0.42
0.666667
0.946667
0.373333
0.24
0.586667
0.74
0.28
0.433333
0.366667
0.5
0.753333
0.366667
0.413333
0.726667
0.44
0.22
0.286667
0.286667
0.293333
0.24
0.273333
0.26
0.306667
0.26
0.293333
0.26
0.273333
0.28
0.326667
0.313333
0.266667
0.286667
0.286667
0.246667
0.273333
0.253333
0.293333
0.213333
0.326667
0.313333
0.266667
0.293333
0.32
0.313333
0.326667
0.333333
0.26
0.293333
0.313333
0.333333
0.266667
0.253333
0.28
0.306667
0.293333
0.28
0.26
0.266667
0.373333
0.286667
0.286667
0.32
0.3
0.306667
0.26
0.313333
0.246667
0.313333
0.3
0.28
0.293333
0.286667
0.24
0.36
0.273333
0.313333
0.326667
0.266667
0.34
0.32
0.186667
0.206667
0.246667
0.233333
0.306667
0.32
0.313333
0.253333
0.38
0.26
0.28
0.333333
0.34
0.406667
0.4
0.3
0.286667
0.18
0.333333
0.226667
0.32
0.28
0.333333
0.373333
0.36
0.34
0.233333
0.273333
0.313333
0.253333
0.353333
0.353333
0.313333
0.406667
0.333333
0.333333
0.253333
0.246667
0.386667
0.28
0.346667
0.346667
0.293333
0.333333
0.313333
0.24
0.253333
0.26
0.24
0.353333
0.366667
0.233333
0.273333
0.333333
0.206667
0.42
0.286667
0.333333
0.353333
0.26
0.306667
0.32
0.32
0.246667
0.4
0.273333
0.353333
0.273333
0.313333
0.306667
0.266667
0.213333
0.306667
0.326667
0.26
0.393333
0.366667
0.34
0.346667
0.26
0.953333
0.226667
0.266667
0.213333
0.266667
0.34
0.24
0.386667
0.146667
0.293333
0.313333
0.32
0.233333
0.326667
0.346667
0.26
0.253333
0.366667
0.34
0.26
0.353333
0.306667
0.326667
0.28
0.266667
0.333333
0.326667
0.3
0.28
0.22
0.266667
0.353333
0.24
0.293333
0.34
0.353333
0.353333
0.34
0.28
0.28
0.413333
0.38
0.353333
0.4
0.26
0.32
0.28
0.266667
0.353333
0.326667
0.266667
0.3
0.313333
0.406667
0.44
0.293333
0.346667
0.293333
0.36
0.326667
0.226667
0.455
0.415
0.5
0.526667
0.56
0.86
0.86
0.646667
0.573333
0.626667
0.393333
0.46
0.486667
0.466667
0.946667
0.266667
0.673333
0.666667
0.866667
0.52
0.773333
0.926667
0.66
0.786667
0.426667
0.506667
0.38
0.373333
0.84
0.52
0.806667
0.753333
0.386667
0.5
0.306667
0.36
0.373333
0.453333
0.266667
0.36
0.313333
0.433333
0.326667
0.32
0.593333
0.493333
0.606667
0.186667
0.386667
0.806667
0.386667
0.413333
0.373333
0.44
0.24
0.632258
0.666667
0.626667
0.746667
0.693333
0.426667
0.726667
0.393333
0.473333
0.806667
0.8
0.34
0.253333
0.166667
0.273333
0.646667
0.393333
0.68
0.293333
0.613333
0.366667
0.84
0.4
0.573333
0.4
0.406667
0.366667
0.36
0.366667
0.253333
0.4
0.546667
0.513333
0.36
0.473333
0.34
0.94
0.433333
0.606667
0.44
0.453333
0.46
0.62
0.413333
0.44
0.486667
0.473333
0.293333
0.326667
0.48
0.726667
0.566667
0.393333
0.466667
0.9
0.593333
0.606667
0.366667
0.333333
0.293333
0.226667
0.32
0.313333
0.32
0.366667
0.293333
0.393333
0.54
0.46
0.326667
0.36
0.36
0.186667
0.4
0.393333
0.4
0.426667
0.293333
0.406667
0.34
0.353333
0.373333
0.3
0.333333
0.48
0.393333
0.36
0.493333
0.473333
0.193333
0.446667
0.386667
0.433333
0.44
0.286667
0.3
0.3
0.246667
0.46
0.286667
0.34
0.333333
0.353333
0.413333
0.353333
0.22
0.566667
0.253333
0.4
0.366667
0.226667
0.386667
0.493333
0.286667
0.4
0.386667
0.386667
0.273333
0.373333
0.493333
0.566667
0.306667
0.52
0.62
0.34
0.36
0.373333
0.3
0.36
0.34
0.386667
0.326667
0.266667
0.346667
0.353333
0.386667
0.473333
0.333333
0.506667
0.353333
0.413333
0.373333
0.373333
0.42
0.986667
0.706667
0.253333
0.833333
0.466667
0.633333
0.633333
0.5
0.506667
0.44
0.726667
0.446667
0.6
0.46
0.553333
0.506667
0.433333
0.333333
0.366667
0.873333
0.486667
0.38
0.346667
0.5
0.606667
0.38
0.54
0.48
0.48
0.646667
0.38
0.406667
0.66
0.553333
0.42
0.413333
0.633333
0.486667
0.4
0.333333
0.54
0.446667
0.24
0.346667
0.433333
0.313333
0.233333
0.393333
0.433333
0.333333
0.353333
0.326667
0.313333
0.4
0.273333
0.386667
0.313333
0.473333
0.486667
0.293333
0.553333
0.5
0.373333
0.4
0.4
0.546667
0.306667
0.84
0.553333
0.493333
0.513333
0.74
0.7
0.433333
0.326667
0.62
0.346667
0.573333
0.386667
0.753333
0.326667
0.673333
0.386667
0.52
0.426667
0.426667
0.573333
0.406667
0.346667
0.413333
0.293333
0.293333
0.553333
0.533333
0.546667
0.487179
0.366667
0.453333
0.413333
0.22
0.26
0.613333
0.933333
0.74
0.606667
0.493333
0.333333
0.346667
0.246667
0.326667
0.293333
0.5
0.9
0.64
0.493333
0.393333
0.373333
0.5
0.74
0.82
0.493333
0.253333
0.433333
0.44
0.753333
0.446667
0.666667
0.413333
0.306667
0.713333
0.78
0.366667
0.493333
0.52
0.4
0.54
0.966667
0.613333
0.633333
0.846667
0.493333
0.273333
0.426667
0.546667
0.5
0.2
0.313333
0.573333
0.36
0.8
0.36
0.533333
0.78
0.306667
0.426667
0.24
0.333333
0.846667
0.653333
0.373333
0.333333
0.306667
0.3
0.78
0.566667
0.586667
0.786667
0.3
0.713333
0.486667
0.473333
0.42
0.68
0.426667
0.653333
0.666667
0.62
0.68
0.446667
0.506667
0.666667
0.446667
0.5
0.56
0.573333
0.533333
0.286667
0.42
0.593333
0.753333
0.473333
0.6
0.386667
0.426667
0.373333
0.386667
0.34
0.346667
0.433333
0.446667
0.66
0.38
0.806667
0.406667
0.473333
0.486667
0.48
0.46
0.346667
0.826667
0.373333
0.313333
0.406667
0.433333
0.746667
0.486667
0.48
0.333333
0.826667
0.453333
0.42
0.46
0.433333
0.326667
0.386667
0.413333
0.413333
0.413333
0.413333
0.42
0.48
0.406667
0.34
0.486667
0.42
0.286667
0.286667
0.4
0.28
0.253333
0.433333
0.413333
0.373333
0.32
0.553333
0.52
0.673333
0.333333
0.26
0.346667
0.34
0.373333
0.333333
0.42
0.32
0.38
0.286667
0.42
0.413333
0.293333
0.386667
0.966667
0.36
0.353333
0.426667
0.32
0.226667
0.72
0.386667
0.4
0.353333
0.74
0.286667
0.313333
0.293333
0.393333
0.333333
0.413333
0.4
0.326667
0.646667
0.34
0.373333
0.306667
0.313333
0.626667
0.306667
0.333333
0.366667
0.493333
0.353333
0.373333
0.526667
0.393333
0.606667
0.366667
0.373333
0.88
0.94
0.38
0.88
0.333333
0.36
0.74
0.446667
0.346667
0.26
0.426667
0.306667
0.713333
0.333333
0.353333
0.873333
0.386667
0.293333
0.413333
0.306667
0.393333
0.366667
0.306667
0.393333
0.326667
0.28
0.466667
0.433333
0.38
0.313333
0.304636
0.293333
0.26
0.593333
0.286667
0.246667
0.306667
0.52
0.326667
0.36
0.36
0.826667
0.326667
0.426667
0.56
0.273333
0.34
0.873333
0.493333
0.453333
0.553333
0.266667
0.586667
0.346667
0.453333
0.46
0.433333
0.693333
0.44
0.34
0.486667
0.52
0.36
0.506667
0.313333
0.326667
0.353333
0.733333
0.5
0.446667
0.553333
0.58
0.526667
0.566667
0.533333
0.506667
0.56
0.4
0.493333
0.646667
0.313333
0.32
0.386667
0.853333
0.446667
0.433333
0.433333
0.526667
0.306667
0.82
0.66
0.313333
0.573333
0.326667
0.526667
0.233333
0.473333
0.406667
0.473333
0.78
0.606667
0.64
0.38
0.433333
0.8
0.72
0.433333
0.346667
0.406667
0.473333
0.56
0.46
0.4
0.426667
0.646667
0.52
0.353333
0.366667
0.5
0.886667
0.4
0.493333
0.36
0.333333
0.58
0.786667
0.54
0.206667
0.433333
0.8
0.433333
0.366667
0.633333
0.306667
0.473333
0.386667
0.713333
0.6
0.486667
0.78
0.606667
0.306667
0.673333
0.386667
0.393333
0.393333
0.386667
0.693333
0.426667
0.393333
0.546667
0.56
0.333333
0.526667
0.52
0.34
0.446667
0.453333
0.333333
0.553333
0.693333
0.433333
0.513333
0.366667
0.5
0.273333
0.486667
0.753333
0.606667
0.32
0.346667
0.406667
0.426667
0.186667
0.42
0.373333
0.4
0.373333
0.353333
0.513333
0.546667
0.686667
0.606667
0.293333
0.506667
0.653333
0.373333
0.506667
0.513333
0.326667
0.453333
0.46
0.4
0.72
0.373333
0.286667
0.753333
0.393333
0.346667
0.346667
0.573333
0.42
0.46
0.3
0.38
0.486667
0.666667
0.453333
0.28
0.433333
0.48
0.6
0.393333
0.5
0.46
0.473333
0.3
0.633333
0.52
0.58
0.28
0.273333
0.373333
0.38
0.32
0.8
0.613333
0.353333
0.233333
0.3
0.433333
0.246667
0.226667
0.4
0.38
0.453333
0.3
0.473333
0.326667
0.253333
0.386667
0.546667
0.36
0.373333
0.533333
0.313333
0.493333
0.253333
0.52
0.553333
0.3
0.5
0.5
0.533333
0.453333
0.706667
0.5
0.426667
0.306667
0.373333
0.24
0.4
0.406667
0.533333
0.413333
0.573333
0.566667
0.406667
0.266667
0.426667
0.526667
0.613333
0.686667
0.36
0.346667
0.58
0.52
0.46
0.686667
0.333333
0.36
0.393333
0.333333
0.686667
0.766667
0.38
0.313333
0.266667
0.293333
0.406667
0.413333
0.526667
0.713333
0.5
0.56
0.26
0.386667
0.406667
0.62
0.34
0.546667
0.28
0.333333
0.38
0.386667
0.686667
0.306667
0.446667
0.44
0.366667
0.413333
0.36
0.353333
0.406667
0.493333
0.48
0.34
0.713333
0.386667
0.513333
0.4
0.36
0.313333
0.553333
0.333333
0.666667
0.44
0.333333
0.406667
0.32
0.406667
0.393333
0.333333
0.3
0.546667
0.353333
0.426667
0.36
0.506667
0.513333
0.64
0.386667
0.613333
0.426667
0.36
0.386667
0.353333
0.393333
0.406667
0.38
0.833333
0.42
0.36
0.346667
0.38
0.34
0.346667
0.366667
0.306667
0.373333
0.54
0.28
0.393333
0.48
0.306667
0.313333
0.333333
0.42
0.34
0.32
0.38
0.293333
0.393333
0.74
0.4
0.426667
0.366667
0.34
0.353333
0.36
0.293333
0.346667
0.92
0.766667
0.346667
0.38
0.406667
0.326667
0.326667
0.36
0.306667
0.406667
0.266667
0.4
0.44
0.506667
0.533333
0.373333
0.24
0.38
0.333333
0.7
0.366667
0.313333
0.48
0.44
0.826667
0.373333
0.413333
0.406667
0.933333
0.846667
0.386667
0.706667
0.353333
0.586667
0.34
0.293333
0.593333
0.866667
0.34
0.36
0.84
0.3
0.5
0.566667
0.426667
0.56