# of Classes
87
1241
741
383
1184
991
570
1107
1244
2350
2170
2519
7416
4766
1432
2211
1782
1412
4117
1518
1525
2207
53
2408
1793
1905
2074
3443
2556
3466
4687
2716
3796
4964
2248
2479
1711
1591
1987
1900
3081
2890
1607
1692
1966
1675
3174
1534
2807
2727
3655
4413
3794
3581
3823
4403
3802
4584
3457
2234
2132
2352
2330
2229
2181
2253
3999
2065
2390
2845
1968
3238
2751
2326
3849
3367
4133
7850
3420
5553
3260
3947
5392
182
2597
2430
2694
550
429
1973
2504
10336
5969
6700
6287
5762
6487
1254
7393
6844
382
6822
124
982
372
53
314
172
172
1358
383
6286
1173
1467
369
297
1120
1120
1061
1009
264
7
1031
2069
179
162
1137
701
46
383
2010
2158
1535
453
460
1158
1398
1674
1674
1499
1738
2216
138
130
749
1451
1565
2813
690
1361
206
420
2535
1781
1074
2283
2372
2669
2314
1602
1790
3356
2429
2143
2072
2360
151
5069
415
44
3077
3513
4314
93
5039
2907
2750
1791
59
3195
3215
2579
2142
13
2461
2203
3000
2683
2849
2664
2726
3258
2423
2417
2328
3082
3228
4075
5
2287
2992
111
2607
2150
2251
4142
4287
2494
3628
1160
2556
2407
3176
3521
2906
670
4039
2461
2222
489
2113
2165
2043
2101
2253
2525
2886
3094
3220
2469
2876
3019
3107
3339
460
24
2645
3591
2934
2718
2697
3548
3089
3586
3204
3552
15
3467
4614
3292
4491
5502
3807
634
2053
1544
6252
6953
1179
4667
4248
4676
4272
1687
5057
1465
4683
4430
4751
2169
2622
1742
560
4441
893
3649
950
1037
2709
573
776
268
395
179
3300
740
3478
1820
3584
4496
1304
1446
63
1228
1497
2987
1077
2300
1311
3710
318
3032
7459
107
499
3779
1013
3251
1647
1833
1513
2167
2852
2038
2169
2233
2239
4475
4218
546
4052
4985
4623
3790
3873
6571
64
4254
4149
4259
5122
4988
4279
4247
4413
3616
4389
5145
3894
5835
4054
17
2755
2778
4535
5003
3556
3061
4136
4291
4091
4396
4093
4442
4808
4401
34
4030
4263
4106
5145
5956
4086
3941
4695
36
4072
4752
3897
4574
4294
4038
4238
3612
4761
5224
4714
4729
111
3948
4229
6185
6447
5530
5671
5234
5389
6786
5177
4855
4819
5514
6254
4463
5475
3591
4709
4092
4040
4321
3821
4082
15
4173
5288
4032
809
1086
740
884
46
247
8
238
387
982
870
4
418
111
1386
600
947
135
284
1173
9
506
604
1659
23
1665
585
1188
2220
691
744
1361
1359
993
640
996
1726
379
247
932
746
1598
1300
1306
705
38
1481
1287
2358
22
1925
2344
1502
938
747
619
2456
1225
1436
859
1151
735
1160
982
866
1451
1442
381
1096
849
2008
2072
1393
34
1464
1986
1466
2003
1138
3978
2371
1054
949
3118
3605
712
2403
2112
2170
55
3561
876
1026
2946
1572
1610
3499
3397
1951
2527
3909
3546
3142
3131
3107
3287
3620
3953
2885
2664
3466
2523
2741
2533
2503
2344
2954
3191
2737
2312
3860
2881
2933
3135
4834
2834
2864
3741
2826
2906
2386
3163
3122
3025
2590
3581
2782
6444
2538
2404
3528
2200
4115
2190
2616
2442
2492
2155
2752
2172
3864
3566
2399
2947
2165
3011
3270
2435
2721
2547
2531
3614
2827
2546
2355
2550
3497
3346
2619
2251
36
2527
2315
3051
2638
3033
2771
2855
2843
3135
3681
3888
3945
3465
2993
3296
2962
4148
3585
3424
4647
3965
3659
3123
4105
4622
3602
4268
3214
3758
3413
4155
3687
4144
3596
4851
3945
4752
4250
3243
3411
2970
3514
3085
4430
4187
5509
3436
3777
3164
4220
4324
345
733
841
28
3815
5399
3497
4620
1793
640
734
4101
4024
5657
4970
5141
4552
939
479
169
172
5153
4643
373
4353
4018
1251
480
4492
3290
4697
2484
3100
2195
325
3666
681
452
989
1044
2553
4290
3702
3437
31
4028
4000
4349
1479
38
10
4171
1925
3566
3596
1932
506
2963
3463
164
773
770
2369
1934
32
2498
2955
583
2186
280
2916
2565
3406
2773
3339
2368
2485
3066
2715
668
2722
2800
2570
2467
2480
2817
27
2872
3767
2802
4627
3358
3782
3317
2720
4071
2374
2378
2757
2078
2027
3908
3725
2160
2527
3323
3490
3647
3305
4254
751
3374
2410
2364
3544
2848
2338
1317
3401
1523
3238
3962
3394
4254
1112
1309
709
957
2801
2771
3506
1290
2747
2712
297
4156
89
1637
2618
2387
1821
1954
1454
1699
39
1827
5357
3234
15
2914
3101
3316
3574
3441
4433
3460
4165
10
350
5347
116
24
39
331
69
129
135
233
96
385
221
322
407
249
138
409
25
146
327
110
448
485
17
248
394
538
738
47
675
215
244
269
442
398
205
103
581
469
709
304
234
51
230
21
292
393
321
356
668
488
272
244
403
411
530
109
117
33
188
56
169
57
497
85
700
558
613
728
573
53
623
19
27
55
781
602
731
745
121
561
395
31
195
142
3
326
308
11
17
77
664
66
766
9
195
47
176
314
286
309
514
67
47
40
461
128
573
338
236
76
368
98
454
271
905
724
448
151
1092
214
55
43
290
219
34
432
46
170
211
399
47
344
136
46
270
183
196
104
21
150
431
36
203
234
531
243
371
40
65
486
896
304
734
765
56
636
490
277
808
230
464
448
38
532
56
396
586
63
31
467
580
5
447
648
187
1
165
378
427
680
50
108
21
137
45
461
5
344
356
807
6
542
266
366
454
589
304
792
93
1045
263
273
277
371
462
59
170
293
397
250
171
36
222
187
67
3773
104
673
1044
567
813
683
855
1112
1196
703
1201
1201
1245
1053
101
691
700
147
1009
1061
992
658
21
55
55
953
30
722
1022
51
588
609
951
768
1225
872
935
1139
1042
1159
1335
954
1347
1682
39
1127
1425
1248
1443
1156
1367
800
837
1108
1114
1041
1735
1260
804
1219
1277
1046
1303
967
867
919
832
1168
1215
842
1116
849
1197
439
855
290
54
59
32
789
719
761
299
917
203
1212
55
767
568
46
1040
1363
1167
1444
837
82
553
586
1887
1434
166
286
17
1056
38
1277
1270
1310
84
28
1187
1157
1428
1367
1110
1325
1188
1306
1110
1369
1314
1285
2763
80
1472
577
1475
785
542
751
664
653
656
702
1338
127
23
759
1582
1451
569
1238
578
339
1373
1304
1412
25
1393
1325
44
1339
586
1182
1619
1418
595
611
1532
584
648
1468
1526
778
135
1427
1486
1569
1647
1573
706
1194
1379
630
1377
633
669
959
1356
1395
1566
1568
74
1407
663
125
875
1388
1196
66
102
1251
1709
1428
1522
1566
1429
1657
1493
1299
1316
1732
892
846
812
670
703
1644
97
687
39
1287
54
577
41
69
672
620
683
1453
1415
741
1507
668
760
633
664
1649
1596
2779
60
1423
1936
1947
2128
1830
2664
2262
1823
1775
1823
1795
2116
2178
1855
1713
1533
1305
1504
1301
1435
1723
1304
1512
1456
1538
1286
1304
1594
1429
1591
1724
1536
1553
2454
1386
1392
1325
1480
1545
1466
1507
999
662
690
1464
824
1853
1408
1304
1489
1348
1304
1341
1908
1482
1476
1632
1687
1537
1927
980
783
233
682
207
1818
1993
230
243
1592
936
455
1765
1788
731
1833
969
1521
947
228
1044
1808
1077
1818
319
2050
2083
1789
910
1822
1710
202
562
1120
1962
1045
786
677
1960
1235
967
956
735
721
1357
2123
967
756
1120
920
2570
750
1581
884
1088
1468
215
216
1609
2132
682
957
777
2110
1370
1621
695
509
1599
1646
1639
549
694
1616
1328
1618
1732
1333
1263
1286
1465
1305
1477
1369
1339
1350
1338
1405
1434
1455
1306
1301
1271
1462
1472
1786
1482
210
1578
2378
1495
1237
213
186
605
1683
1325
1588
1755
1709
1500
1475
1557
1460
1449
1462
1462
1451
1423
1506
1583
1881
1868
1923
1024
66
278
168
306
374
1630
1667
1787
2219
588
250
1728
393
670
2232
91
87
253
1507
60
766
146
1881
195
213
1972
373
297
573
172
294
89
153
2071
2013
213
3204
2936
2148
2135
1871
1972
95
136
1626
99
1989
2084
1823
2007
1976
2110
2320
2122
2108
2130
2153
2005
1889
1965
1883
1887
1910
2773
2333
2014
2186
1902
1734
1738
1761
2037
1719
2230
2237
1889
1840
1845
1626
437
243
366
253
2340
356
2237
2235
2408
890
1740
220
528
705
1269
922
131
923
876
1958
1863
1878
1787
1775
233
1594
1488
1373
454
310
235
1622
460
303
2033
1422
475
270
1552
1407
898
1242
438
1487
444
165
111
135
408
1477
412
158
1738
1280
246
211
1935
1796
118
1880
722
692
554
195
676
600
383
2090
1673
1778
1685
1765
1648
1777
1639
1864
1420
1422
1422
1645
1612
1980
1839
2151
1768
2204
1758
1749
1754
1444
1633
1872
1690
1415
1958
1480
1453
1446
1854
1994
2173
1966
1979
2340
2294
2291
1906
1946
2062
2143
2070
2121
1694
1675
1694
1687
1683
2107
1681
1876
1803
1986
1994
1789
1715
1642
1631
1688
2083
1746
2061
133
1667
2027
1663
1810
138
1967
2318
1795
1943
1847
1644
1924
1679
1768
2377
1883
1826
1859
1852
1878
2016
1990
2002
2038
1630
1976
1843
1603
1365
1715
1616
1376
1330
1442
1427
1427
1554
1800
1423
1587
1667
1692
1504
1423
1464
1941
1779
1628
1766
1718
1838
1596
1701
149
15
105
246
497
6
170
139
200
82
70
291
260
283
769
346
40
28
95
17
40
268
305
108
331
100
114
418
138
137
354
215
14
282
162
493
170
295
95
2
75
225
27
30
172
237
22
22
222
34
260
516
24
26
190
574
383
26
90
163
40
70
173
151
296
271
85
49
159
19
157
169
63
29
140
257
333
237
259
418
429
275
26
227
56
26
54
341
153
143
48
30
303
128
256
23
109
320
291
26
204
241
465
228
238
236
337
231
1
107
241
67
296
211
172
60
104
184
89
27
124
111
41
74
209
67
262
89
236
65
362
292
319
17
333
347
22
21
21
86
245
214
89
371
437
146
317
49
301
245
551
19
94
137
376
32
17
131
312
176
737
235
296
113
97
69
338
377
465
174
307
38
8
260
818
262
47
468
119
72
439
669
478
57
230
138
1
468
455
74
69
19
22
241
359
343
571
226
303
170
172
506
384
274
211
37
276
34
120
464
129
117
336
244
544
273
1
418
245
68
349
428
328
348
530
99
369
184
11
650
567
777
10
319
393
347
593
484
567
582
233
644
492
702
915
954
347
19
271
674
172
671
721
265
366
387
732
357
580
346
615
115
841
461
34
16
433
42
43
230
577
428
344
386
62
14
190
63
49
86
27
248
169
294
31
204
445
198
632
11
382
593
560
902
388
281
327
121
15
415
831
464
1121
1004
228
1477
1152
174
1043
189
387
561
1396
390
398
65
463
70
897
1164
546
18
741
390
376
53
804
835
626
571
279
749
846
546
804
928
23
121
634
618
576
692
26
249
206
1043
41
821
927
1550
1379
51
27
935
1517
731
1098
922
988
663
627
1125
794
1253
1115
774
20
872
846
662
711
826
2
789
655
668
700
808
934
647
901
865
1490
966
84
729
731
868
805
911
1011
806
1182
1166
671
848
7
1048
1193
878
1159
1090
741
1132
647
804
112
474
630
425
841
958
895
850
993
1120
598
650
870
482
403
370
613
589
861
462
999
458
757
512
860
112
392
782
586
1074
678
773
465
582
541
464
968
582
466
544
39
466
428
457
644
485
507
489
715
688
62
681
525
552
623
606
423
449
896
867
551
533
387
818
675
473
837
110
566
626
780
708
542
605
625
869
806
741
498
382
397
571
281
139
272
24
454
44
454
433
514
517
398
305
781
1783
454
933
831
255
555
687
257
691
772
75
833
294
936
1025
156
855
880
512
478
646
422
1196
500
828
736
563
148
1170
184
248
1094
279
79
85
22
91
33
20
1249
359
348
1158
447
300
644
235
575
213
776
256
826
265
85
564
460
635
629
706
543
248
287
571
217
1328
649
181
126
898
1237
1185
732
242
533
556
480
525
403
181
283
409
120
1177
411
545
547
813
39
107
583
320
147
472
260
190
897
686
361
536
264
196
266
539
608
274
159
554
566
807
68
779
789
154
464
665
625
45
370
712
191
528
1223
754
561
823
23
216
841
591
758
623
17
236
501
273
391
292
644
317
202
253
342
786
388
539
815
684
380
573
386
651
530
627
694
695
561
728
707
800
598
473
481
408
466
298
662
536
129
417
647
1067
1005
505
67
1871
111
442
327
154
12
73
1632
261
584
173
152
434
395
263
129
89
562
208
134
502
352
186
98
1061
203
86
167
191
807
161
49
75
48
772
673
592
755
55
688
658
691
414
528
580
726
687
180
723
873
523
1196
114
157
503
242
93
741
132
668
574
296
1204
788
238
1125
368
385
1
398
116
897
252
673
374
549
187
388
735
127
93
1219
5
626
381
321
19
445
43
515
249
203
482
2808
602
1072
228
80
653
435
414
633
762
662
329
217
188
534
244
229
510
1022
406
43
173
549
93
622
390
368
26
555
75
347
78
453
66
312
32
272
75
238
510
452
463
10
47
235
225
409
304
360
580
296
707
31
36
16
290
71
767
356
377
412
365
29
876
475
678
768
6
391
666
828
960
982
174
289
603
360
360
46
54
25
116
88
560
519
547
79
2391
205
548
79
499
487
465
423
395
528
128
1028
659
665
403
435
353
146
141
24
86
302
675
308
878
186
507
586
188
365
383
398
14
413
610
233
963
511
617
315
1077
582
210
13
701
270
255
528
422
332
594
737
363
495
781
689
687
1294
917
1254
1024
1210
454
113
523
629
853
899
858
1016
1039
1037
610
23
963
1116
1032
631
596
995
619
997
598
603
22
892
623
22
550
614
1039
569
14
487
9
248
639
801
724
764
379
916
32
538
967
919
890
930
930
930
236
685
974
674
1268
805
852
390
285
399
166
902
1117
842
931
520
828
872
664
724
23
126
149
488
818
603
763
748
469
347
455
401
790
364
737
60
832
636
123
852
192
154
973
295
218
207
197
957
15
243
604
715
29
542
390
395
586
557
142
1201
843
385
2
550
565
682
538
382
1392
746
526
11
74
63
29
190
153
125
283
110
138
183
110
89
163
302
282
2
109
264
25
598
613
443
25
211
197
409
377
8
20
239
85
166
46
45
71
98
193
10
107
100
326
9
397
8
7
294
53
1
433
265
142
58
66
610
122
21
287
206
334
125
12
164
109
237
26
19
205
123
23
126
173
256
261
342
282
178
144
463
177
26
87
101
335
61
296
386
198
16
21
90
391
264
26
240
418
358
320
451
173
284
44
21
352
306
391
64
407
68
94
386
313
361
496
186
458
364
181
333
243
100
204
347
181
63
8
315
414
66
46
26
15
56
182
240
54
18
85
38
70
135
171
91
27
278
420
406
285
232
49
138
158
131
47
19
121
331
46
234
302
376
144
96
242
89
102
239
120
241
152
253
271
379
46
90
151
143
359
393
281
137
448
448
266
27
296
159
156
27
241
2
644
701
236
5
17
132
288
172
1
110
250
81
388
396
123
78
139
593
304
461
59
268
32
63
36
224
281
215
207
225
152
486
103
36
322
279
51
416
491
100
89
362
138
299
104
154
213
298
378
364
175
391
97
60
666
175
127
178
263
304
420
189
320
127
41
139
158
132
181
234
100
322
25
27
81
68
298
54
128
273
372
39
39
101
404
143
350
355
38
76
150
360
311
355
327
546
330
366
385
381
244
386
391
309
416
23
236
586
23
467
430
134
514
767
368
809
696
605
83
70
606
815
669
404
399
45
522
1033
407
635
221
109
52
555
1140
500
89
302
179
254
73
29
71
158
293
255
616
48
262
44
535
48
552
329
89
723
604
296
197
289
281
548
488
528
485
104
65
461
602
575
321
608
79
660
87
305
138
177
534
296
702
574
670
287
435
237
317
118
332
660
302
473
570
376
368
568
315
643
350
348
146
709
675
209
112
627
630
98
301
531
1219
411
809
723
433
361
412
471
388
441
268
711
345
476
521
482
400
39
65
370
418
412
74
667
374
373
352
647
362
467
454
617
740
334
354
338
617
449
380
520
723
423
105
421
464
3
411
639
1561
556
411
714
66
478
49
685
651
631
411
606
260
706
597
696
233
197
676
61
438
750
64
413
682
697
214
285
457
41
464
709
865
514
311
815
554
381
62
36
421
151
76
219
244
591
354
47
58
391
241
386
240
104
221
87
94
49
64
355
727
88
113
524
449
129
297
438
346
119
388
659
115
132
164
81
66
572
537
65
123
337
289
58
524
695
493
405
53
594
218
444
90
388
178
372
787
314
205
515
317
589
278
94
402
89
83
425
508
607
137
474
126
108
94
254
271
325
98
92
490
361
395
57
222
41
400
9
544
346
47
461
476
465
615
90
43
531
307
482
51
424
424
564
465
67
88
30
150
387
160
110
110
298
408
82
195
287
337
60
61
355
337
188
485
486
114
286
368
609
738
135
364
93
120
587
362
425
242
294
379
537
141
631
410
384
391
506
267
934
564
324
122
501
573
522
138
467
641
273
187
340
472
397
443
526
177
253
341
629
190
174
468
205
460
524
514
252
508
576
567
683
421
601
986
98
37
82
319
86
196
107
49
20
164
24
28
16
163
211
125
106
80
58
88
9
100
142
77
78
45
55
122
121
143
99
84
200
58
75
85
116
117
7
64
134
45
235
202
96
88
113
64
117
123
98
184
119
151
33
52
93
71
134
118
67
125
107
121
76
134
53
112
25
31
117
18
58
279
90
127
147
66
154
81
111
93
58
3
17
22
146
66
180
44
49
81
75
223
121
125
9
49
71
147
71
1013
4
60
171
186
132
1
33
146
190
225
279
44
377
108
64
139
143
162
123
189
153
417
84
198
46
218
55
129
59
524
149
50
103
112
91
81
103
163
17
381
146
157
96
9
191
109
34
219
130
93
98
109
34
186
38
107
152
135
37
51
139
140
8
71
50
147
77
143
51
40
151
163
12
65
57
169
145
193
84
198
79
23
19
23
222
68
147
165
204
100
25
283
51
147
68
99
25
155
240
156
21
28
99
47
176
206
149
42
58
59
490
225
71
87
90
193
126
99
153
143
70
116
17
57
376
66
27
98
148
329
128
200
197
206
105
318
243
20
19
172
42
160
64
342
54
80
279
164
138
143
190
29
21
95
51
149
204
9
292
143
17
214
269
76
180
99
95
179
14
194
142
116
102
181
221
246
163
71
93
156
93
4
123
38
110
114
166
39
372
128
275
160
99
100
97
51
264
148
48
156
168
157
157
113
83
55
135
207
96
146
191
157
23
116
16
46
182
151
253
28
176
294
270
413
44
115
106
127
178
74
258
242
43
86
58
199
141
203
234
223
56
194
239
307
327
389
217
99
191
309
181
346
273
152
118
151
394
86
156
102
15
182
141
164
142
49
265
789
205
221
255
293
297
643
202
273
95
34
329
8
218
201
15
13
85
132
137
155
362
388
651
495
38
222
121
363
4795
1386
304
438
300
310
254
327
123
272
122
56
174
307
238
43
27
156
388
165
340
289
354
136
92
142
67
93
66
100
327
254
136
88
250
101
385
418
40
225
378
255
55
200
278
269
382
342
91
6532
87
9
365
380
184
371
378
59
6
141
1638
349
876
246
61
409
35
71
391
449
427
245
219
188
29
237
177
222
93
196
146
210
395
411
104
121
332
75
117
545
229
39
93
295
87
37
218
251
244
125
85
272
321
164
359
217
208
244
569
820
209
346
321
235
8
330
31
54
184
11
25
200
347
490
299
125
220
37
295
10
42
27
173
20
86
415
48
223
213
416
544
276
367
337
413
437
378
397
455
280
299
549
332
374
267
259
644
1146
26
282
7
205
389
610
133
466
293
260
41
181
133
235
262
1
74
356
154
201
2
303
395
116
204
83
304
84
97
146
274
231
320
49
24
743
271
297
270
44
413
451
246
288
234
412
27
152
277
224
545
279
146
5
269
299
360
226
148
234
523
22
273
192
139
165
419
299
194
18
15
344
572
233
411
435
482
136
213
261
464
199
240
68
194
125
110
422
117
605
335
139
155
383
17
298
405
44
526
381
318
209
10
61
92
40
232
33
225
201
166
948
212
226
746
530
243
289
385
145
206
116
201
702
386
265
450
1074
366
5
854
504
305
354
25
264
248
286
48
2
36
301
389
277
216
180
448
644
132
208
177
155
1026
181
13
352
227
440
296
15
595
32
309
72
384
188
153
317
1292
17
747
977
927
70
968
869
248
218
864
881
896
495
934
485
536
203
229
407
395
578
35
20
822
379
19
861
939
27
175
976
903
859
950
232
383
20
1058
367
924
919
330
90
96
96
30
134
698
1125
166
1005
83
1092
132
14
829
803
913
607
398
981
981
1423
370
1235
723
1715
154
1093
991
938
862
1041
884
824
748
925
741
916
219
800
889
927
5
728
769
925
53
36
785
1071
956
821
961
989
971
941
783
947
779
15
821
783
1070
913
855
1113
1062
830
815
949
59
798
1128
711
877
890
1239
933
721
705
701
747
815
961
37
118
135
17
59
86
106
98
149
129
213
92
109
41
130
31
188
51
5
152
76
168
49
65
48
109
149
99
127
146
169
7
61
6
92
105
194
105
39
35
16
34
155
108
194
75
142
68
83
81
159
86
145
407
75
219
86
16
20
123
289
58
364
232
136
121
29
98
51
73
139
116
40
211
245
85
146
112
74
62
198
45
87
151
114
226
167
39
172
196
16
265
96
146
94
161
172
204
38
74
136
10
202
197
134
21
65
18
236
231
266
183
47
182
203
158
63
372
55
17
206
141
28
20
30
115
161
237
3
185
404
127
104
219
74
267
249
16
101
179
334
248
7
110
112
201
9
84
151
221
254
294
264
286
16
39
137
96
142
125
61
34
89
82
142
210
224
139
20
604
210
319
215
442
356
6
473
75
90
37
211
244
176
487
93
246
11
136
306
46
201
29
11
102
176
285
256
117
105
318
236
42
243
252
303
278
132
28
561
87
353
241
64
441
17
39
21
269
151
297
114
164
43
189
536
156
93
204
133
134
289
181
9
205
136
200
40
250
348
234
149
122
16
279
169
46
7
83
197
150
99
143
102
55
291
158
185
129
192
11
8
217
236
321
31
124
203
305
31
140
78
94
24
354
134
97
214
76
330
146
217
116
25
242
90
58
16
173
367
268
190
272
272
153
86
22
160
250
265
236
217
108
596
506
276
5
910
205
186
201
216
102
7
326
165
110
286
177
191
349
310
383
40
207
411
210
336
397
294
275
555
60
315
394
361
248
56
438
47
335
290
287
217
210
355
322
380
454
247
233
372
1044
310
302
322
505
990
419
372
388
327
518
62
500
339
570
697
519
322
480
348
460
362
276
572
576
380
543
652
654
504
546
469
442
670
709
700
404
449
552
526
634
383
571
421
675
577
540
168
533
555
512
565
563
578
494
560
543
528
543
515
570
619
531
588
430
446
609
2
432
486
520
532
582
600
633
523
664
537
531
544
583
538
582
565
82
817
548
547
572
512
596
585
584
729
519
540
649
610
747
555
567
547
536
652
543
733
540
506
590
584
580
529
502
452
449
454
651
676
507
550
660
9
460
566
776
553
474
707
510
639
725
723
507
527
542
546
604
570
678
698
517
673
667
756
607
535
796
472
521
580
484
555
582
724
506
648
572
551
498
498
28
28
798
594
568
518
520
653
511
553
657
584
640
741
676
666
645
671
825
670
634
731
771
762
673
662
612
651
732
639
851
776
852
743
771
741
974
630
771
882
631
667
602
682
675
926
648
679
894
515
503
510
695
11
744
608
647
621
584
518
514
497
513
623
726
619
727
726
13
673
646
602
772
15
671
743
695
12
876
689
684
658
663
599
530
882
592
675
571
600
17
53
2
589
654
748
756
722
489
660
506
674
543
691
490
744
511
584
521
601
510
627
608
579
451
456
501
645
513
13
461
477
569
582
791
701
629
603
269
217
345
293
338
61
89
107
227
209
344
210
244
136
350
211
141
426
108
201
257
100
331
76
291
291
763
298
133
110
165
106
138
317
171
554
386
344
116
67
266
475
86
171
1
236
415
70
157
112
23
174
267
272
110
324
10
35
232
230
44
71
43
195
461
482
374
222
601
399
212
514
222
621
79
17
121
405
375
469
159
159
57
233
327
116
152
529
176
805
7
402
101
167
1097
68
88
112
241
317
369
43
429
117
40
137
343
550
250
133
7
195
492
86
224
793
122
504
508
572
111
335
164
53
131
828
243
426
418
394
419
57
138
35
86
419
402
221
119
508
186
432
459
10
441
390
68
463
531
551
490
409
15
310
324
283
173
765
74
248
95
419
62
148
343
146
99
62
223
238
307
124
20
256
354
159
827
123
481
202
128
856
446
77
331
256
416
296
311
641
454
370
314
292
94
10
56
185
304
118
187
164
191
210
182
108
59
280
62
184
361
86
318
395
423
140
533
363
642
471
217
230
18
225
92
309
308
403
349
400
129
557
165
374
297
609
661
524
219
208
367
348
35
235
4
146
266
351
226
369
381
16
418
357
234
175
415
639
544
605
27
27
107
12
161
224
138
40
378
80
631
130
409
436
36
374
294
21
212
484
615
444
493
227
325
201
598
258
783
157
26
18
328
241
256
105
34
273
667
19
503
394
129
562
182
136
675
304
330
104
111
299
162
130
99
282
96
389
337
337
401
360
553
365
84
175
147
362
263
425
684
475
414
421
537
276
330
312
610
234
130
573
823
252
102
65
333
176
980
420
402
408
359
327
388
424
205
50
405
95
327
374
378
427
254
124
880
274
1003
571
459
395
571
372
554
325
648
203
312
51
510
241
422
480
534
341
440
295
465
269
569
716
320
66
422
333
333
606
455
383
234
316
642
304
494
675
555
691
837
460
850
321
266
246
303
125
310
408
389
328
49
408
539
331
412
452
300
207
195
493
572
524
132
254
343
228
102
276
1668
352
363
206
248
339
273
160
302
101
137
224
205
303
190
917
260
264
443
282
55
93
102
155
272
137
337
223
160
236
249
122
304
463
330
305
364
444
169
53
44
56
444
84
342
234
148
503
461
295
302
430
310
141
252
169
408
350
466
422
735
541
150
374
226
516
408
329
190
91
528
308
310
360
281
301
230
965
104
134
306
580
188
337
389
166
221
332
236
262
95
555
116
168
592
178
212
58
453
81
947
311
277
193
357
398
438
135
250
364
227
142
246
390
689
3
425
56
218
352
573
245
378
434
246
502
261
285
227
982
351
275
308
382
397
249
289
304
294
200
329
184
211
326
483
224
233
106
323
57
434
225
457
376
274
160
244
93
222
158
187
274
152
444
175
217
91
245
195
182
211
460
158
193
130
117
263
404
223
224
258
74
258
2150
157
188
202
2
294
180
380
331
410
387
458
500
421
275
415
265
331
376
485
397
463
380
222
255
278
202
317
358
212
49
200
487
169
394
409
265
327
300
272
483
504
434
1502
234
445
255
286
136
55
252
452
325
571
1112
220
460
513
409
375
331
375
350
332
348
301
519
415
476
291
418
405
477
371
446
379
374
442
629
470
406
532
431
252
383
298
271
317
336
370
213
432
588
396
423
337
195
328
182
42
277
168
323
255
283
184
312
151
196
399
58
187
370
582
540
181
465
235
330
447
339
440
160
318
180
408
406
259
296
362
400
321
108
762
209
378
463
803
288
219
349
414
354
170
319
408
401
82
279
202
105
100
270
459
428
512
120
333
302
56
108
313
305
232
246
317
112
245
191
486
241
98
337
478
10
1088
345
222
346
252
294
89
209
545
485
485
243
339
221
285
384
125
314
80
153
305
292
130
1054
182
470
249
244
349
378
237
220
175
143
284
1012
364
158
292
199
69
105
198
207
300
413
120
169
55
430
198
65
179
392
386
320
479
46
230
139
66
379
208
193
300
159
344
112
471
346
542
179
515
451
376
11
113
482
409
422
452
172
394
425
625
61
61
136
449
491
132
335
496
301
396
1
648
288
365
54
441
308
277
219
53
1213
127
496
358
321
221
260
370
360
309
74
435
417
377
330
522
550
386
386
422
57
155
327
368
213
79
280
517
129
305
337
123
368
616
241
1105
220
199
290
363
374
253
397
341
204
566
223
118
151
299
328
1109
836
156
178
317
62
112
303
213
353
251
46
257
495
364
504
475
48
329
241
379
328
402
104
309
576
475
274
359
1
294
76
285
425
401
335
291
463
334
208
235
268
333
368
496
486
227
340
290
126
215
194
230
133
197
211
234
292
166
212
393
261
387
103
248
181
400
571
333
218
54
824
328
563
323
423
250
186
469
495
545
423
47
176
227
254
219
173
2
128
315
412
323
561
416
677
354
297
439
380
46
273
222
50
123
359
762
1244
170
357
346
319
272
236
138
1180
190
48
199
212
433
1114
205
133
80
46
57
142
158
252
308
389
265
306
255
173
240
403
72
323
318
149
334
196
50
50
164
430
167
349
130
356
368
117
119
603
184
521
365
170
402
288
324
306
457
192
410
400
370
313
107
57
104
435
494
372
210
367
420
1267
343
343
268
355
268
312
57
324
285
355
655
45
401
49
447
713
335
359
465
425
432
328
344
344
404
328
53
322
567
471
91
57
492
508
386
267
558
310
1298
88
451
510
388
543
322
426
466
365
424
328
356
425
48
225
138
442
389
179
296
142
373
274
310
127
240
312
500
527
259
561
374
62
294
143
95
315
107
64
398
472
440
171
646
519
427
135
62
169
150
293
310
201
178
263
262
271
256
557
179
173
285
370
974
132
79
366
380
152
94
146
430
43
300
366
211
164
56
1372
537
98
181
504
121
423
209
461
458
171
487
2028
199
57
583
464
6863
292
141
351
139
145
684
93
120
232
269
465
368
67
111
179
155
438
185
500
95
250
548
59
430
286
230
51
261
84
52
51
433
446
150
41
359
397
382
418
496
602
423
278
168
101
451
416
544
174
485
105
616
105
145
705
480
91
119
468
410
513
450
477
349
400
455
301
324
373
401
734
428
51
616
490
365
436
371
331
478
458
436
502
56
310
745
316
706
415
402
423
190
1783
307
1694
339
168
264
392
242
269
570
585
203
239
368
127
370
116
502
526
631
633
187
416
190
138
117
547
405
63
114
330
304
943
948
369
300
459
286
352
408
489
45
54
133
222
168
525
173
601
518
9
2691
85
123
9
308
29
7
120
33
192
397
734
621
11
150
26
334
946
560
1395
717
568
686
1102
777
1102
394
921
695
97
275
264
1382
1199
39
813
392
632
347
831
272
99
84
48
83
451
51
822
719
30
30
2647
1419
1664
2792
73
758
53
1180
220
389
12
1192
379
459
1234
1210
1207
1278
1643
783
1043
343
700
455
688
11
398
587
530
473
466
83
1233
567
457
516
841
1779
262
50
165
918
735
13
69
717
435
2029
1064
3107
1603
1342
1063
1012
1641
836
267
706
1346
1350
267
1975
1015
399
291
880
1140
299
678
1139
991
1306
1291
371
362
737
437
646
1182
1049
426
743
404
896
1210
777
814
505
1172
1490
1113
1300
421
517
702
192
1062
825
511
1555
729
729
3127
429
604
333
1807
755
269
151
600
271
74
1033
676
664
609
962
533
822
1037
614
633
1422
712
344
477
375
1220
1001
910
492
472
4
87
906
20
470
106
61
395
299
162
56
194
68
490
225
520
573
506
870
18
484
1819
669
525
105
832
507
507
404
232
498
396
90
228
354
549
165
426
502
651
295
390
754
592
703
1195
1484
817
402
1327
1109
1286
1587
1597
1380
1265
1275
415
353
929
319
305
711
374
647
179
897
42
292
243
286
43
45
704
658
287
2082
199
438
80
651
94
1483
183
903
738
409
568
603
529
1082
1494
130
355
315
256
734
290
422
1322
2556
121
6
118
198
371
937
554
645
819
1024
760
19
544
757
841
711
824
17
9
371
1293
605
752
71
502
114
538
934
77
92
811
323
227
520
403
5
166
169
41
215
868
275
312
275
1067
1224
148
826
49
656
161
33
927
424
1789
876
13
93
499
1166
767
825
43
248
267
42
731
88
299
350
672
264
548
200
111
96
92
288
180
76
172
357
184
133
150
1188
695
235
65
540
105
714
1053
796
520
831
851
434
392
124
726
29
562
218
274
303
295
787
32
708
983
699
345
58
573
586
831
24
392
633
670
679
585
804
663
519
444
468
288
254
718
656
429
526
976
3584
326
624
1012
498
306
1289
856
226
218
79
617
1246
623
627
809
757
619
856
565
1090
649
595
1304
933
8
673
878
659
1172
1172
134
973
1348
1315
185
1291
1615
1146
861
895
928
987
1023
73
1069
1032
1139
450
119
616
977
794
472
874
493
539
744
113
727
650
26
8
650
15
918
1176
94
1085
1543
1294
721
1686
49
1293
1049
20
589
1481
605
938
918
1559
377
730
979
923
952
599
1011
930
1167
1236
1068
344
852
932
882
161
728
634
961
33
1244
772
154
793
746
32
488
548
150
969
775
737
900
318
500
129
449
1097
388
465
1006
450
1060
786
852
38
419
289
387
192
219
158
214
217
180
826
409
273
930
923
473
33
519
810
648
272
782
23
425
463
456
898
365
792
455
417
257
62
291
214
781
449
37
96
433
704
465
476
145
477
666
713
97
338
688
713
238
7
602
177
1174
1752
207
34
248
1513
758
52
580
606
120
1074
387
590
82
362
545
43
110
520
164
458
575
709
783
213
639
449
127
153
402
125
267
568
556
475
869
237
58
778
585
1149
521
798
238
58
127
700
567
301
1199
984
498
550
786
454
670
277
209
56
128
1096
466
108
402
299
413
1022
255
292
1145
66
684
920
71
436
897
732
238
917
798
1345
924
365
58
568
1569
407
192
298
790
375
515
442
1315
82
378
91
1190
1201
1610
1410
1634
45
236
1441
2266
2269
1378
2057
2633
1055
486
543
1551
359
1490
1756
849
361
1445
813
155
1539
216
1379
280
290
1254
436
342
147
599
87
574
608
1356
1295
1286
892
1265
1261
398
288
181
529
991
820
242
94
136
553
964
164
161
393
73
662
977
1369
1193
117
54
1298
1198
1287
1296
754
654
554
136
207
807
1033
1126
867
96
1340
303
1416
1096
709
421
134
1044
424
351
853
348
684
627
556
223
477
775
55
734
703
1077
749
1323
163
1628
122
864
1581
900
3049
1082
1041
1796
1744
39
1755
866
1122
826
602
75
1416
137
1124
1201
860
1538
1281
1444
1650
11
1318
1647
1029
1061
1992
1248
1094
1642
1499
671
1340
997
1051
1281
1356
1884
369
1866
2235
1940
2498
2148
58
2098
1847
1881
2498
1937
1846
2094
1917
6
36
2543
2484
2102
2176
2646
2099
2021
1958
2072
1248
1195
412
356
1437
1565
2184
1069
57
1294
1220
1246
1274
51
1293
1189
1512
8
45
1300
68
1330
232
1696
3198
118
30
1907
1648
23
1114
294
131
570
219
33
210
159
321
29
141
166
660
177
293
387
13
98
88
45
51
187
69
16
47
325
882
139
468
404
35
10
777
617
12
386
446
94
357
305
33
1221
13
341
200
3383
356
157
337
18
806
483
535
710
791
1326
559
943
552
1308
1277
1426
1012
1116
1008
3
979
1325
789
1081
693
683
803
764
645
649
614
467
879
23802
49
681
25
26
246
76
13
54
516
2
194
148
26
60
548
247
200
53
334
35
1662
106
747
630
480
124
45
1249
112
16
13
13
113
227
273
28
647
261
11
128
956
378
813
376
839
60
587
394
468
267
22
525
63
10
413
1452
12
1451
1015
974
2584
171
16
1066
674
450
552
1340
792
1029
165
948
129
576
10
85
443
295
156
391
347
176
671
87
24
74
27
612
543
24
63
603
291
498
8
940
545
196
236
569
592
160
4956
6390
11151
15023
14163
112
100
37
159
45
138
40
63
13049
62
12719
12649
12453
12398
12530
12426
12654
12452
8167
7965
8179
7992
8050
8126
8219
8089
8528
8536
8425
8316
8211
8373
8311
8527
8254
8257
8109
8370
8088
11735
7580
7554
9030
7800
6680
5107
4825
4166
4360
4214
5025
4843
5096
14
4723
5184
4879
7182
4319
4806
6506
4812
13
4792
4787
4847
4856
4271
4769
4965
4947
4972
4211
8439
5139
5139
4993
4427
4436
4158
3693
6076
4409
4373
4300
6286
4261
4123
4295
6055
4334
11709
5369
7148
8564
5223
6639
6600
6733
8755
6073
5885
6134
5951
10629
10953
7219
6493
9263
7771
6424
6829
6457
6238
7637
6387
6354
6289
6329
6648
6776
6334
4
6927
8846
6510
7128
6410
6424
6482
9963
6592
5688
5295
7139
5288
5474
5450
5416
5346
5501
5454
5356
5896
5537
5474
11496
6807
7441
5189
5652
5745
7290
5503
5790
6704
5810
5863
6634
7095
42
5349
5257
5835
5936
5266
5581
5640
5266
5226
5299
5535
5303
5339
5367
5722
5644
5664
5433
8087
5524
5289
5614
5974
5330
6718
5411
5390
7166
6936
5643
5437
5725
5484
5759
5447
5383
5354
5752
5377
184
21
111
45
212
161
155
205
561
191
10
42
372
4
289
125
379
217
410
230
553
26
213
6
40
148
747
447
182
297
543
135
464
253
840
418
410
238
187
398
231
434
219
1552
1153
785
860
20
840
720
753
43
995
774
771
2324
1718
99
826
18
401
38
374
361
544
288
758
544
408
574
287
144
45
366
184
210
1246
159
1218
705
693
943
686
690
1167
762
655
1449
1687
1175
60
24
1392
40
1660
1332
1286
1316
1283
1460
74
1426
1387
1522
1133
1354
1395
1214
16
1442
1323
1230
1399
1216
3
1299
1234
1854
1280
118
1589
1538
1590
1465
73
1321
1489
34
1248
1403
2240
1223
1506
3185
1294
1617
35
1421
1578
1
1378
1384
1404
1393
1377
1755
1459
3067
2449
4889
2241
27
1942
54
1383
1079
1183
2235
1134
1240
1451
2034
1873
1099
1126
1210
1995
1162
1090
1217
1122
1958
1153
4574
1228
962
383
280
1166
275
62
1212
179
1138
4
1066
394
365
303
521
415
1197
52
1217
1423
286
330
653
212
267
380
1208
377
1072
881
432
1349
407
53
1310
1281
1821
1283
1669
1636
1624
1780
1874
13
1765
1814
1717
2537
2051
1680
1750
1774
8353
1617
2782
1739
2310
1938
5171
2477
2869
2506
2448
33
2752
2946
2673
2987
2673
38
2339
2416
2510
2535
2390
2451
2432
2331
2392
2666
2356
3224
2424
2825
2492
2661
118
3004
2370
2762
2555
2702
3861
92
340
2453
2332
978
174
2493
245
254
226
4
388
293
1106
5328
410
2862
1950
1709
9355
8190
8132
8307
7920
8114
12
7370
7203
7204
54
723
724
37
30
66
402
6870
11
6520
129
62
95
383
74
21
176
231
50
187
3
16
220
69
50
417
97
48
39
206
14
452
375
280
107
586
293
255
24
111
465
474
495
599
619
341
371
86
103
312
412
176
366
257
1243
378
261
609
654
4643
638
857
307
1603
940
931
753
1
530
77
90
65
406
328
247
844
1258
1473
1229
1381
499
169
173
216
194
389
109
307
32
293
622
395
709
582
351
366
1484
83
489
51
621
789
2091
26
699
11
477
137
70
123
56
1213
297
354
356
23
103
68
991
794
253
937
650
818
2859
379
528
1616
286
1785
603
207
173
474
680
969
8319
490
444
591
279
597
294
494
727
349
2904
456
986
205
7
758
362
409
383
164
638
545
226
84
403
343
930
368
2450
560
552
340
542
49
1231
1108
259
131
216
295
1136
453
385
34
410
431
452
472
522
1528
313
73
367
932
1384
169
329
70
11
965
2426
202
71
2085
1352
2326
241
48
430
529
80
290
3878
3887
4737
5041
6101
4651
4877
3684
3717
3983
3874
3801
4491
4013
4058
4350
4298
3799
3855
4035
3804
4201
4060
3836
3829
3803
3866
3922
4023
4023
4041
3788
4061
3973
3887
3753
3775
4032
4276
3832
4013
4048
4223
3907
3798
3907
3788
3797
3864
3914
4018
3809
3904
3938
3786
4457
5541
3809
3947
3807
4024
3840
4873
4579
3755
9107
4208
4188
4249
1319
3330
1420
1774
1669
2632
1507
1747
1116
1047
1110
1247
1616
1570
1351
4121
1616
1408
1359
1645
1509
1768
1414
1676
1907
1407
1650
1384
2029
2048
1530
1826
1889
2580
2032
1572
1358
1857
1871
2446
2445
1535
2473
2797
1433
1791
1681
1966
1730
2035
1789
2278
1940
2142
1938
2937
2928
2111
1980
2078
2339
2967
2152
2934
1823
2445
1909
1713
6101
1888
4381
1387
1577
1452
1776
1547
6
1672
4572
1349
4353
2457
2384
1213
1442
4074
4587
4171
4342
1296
1326
4231
1367
1325
1318
1755
1363
1586
1498
1344
1346
4156
1607
1596
4367
4209
1541
1526
1704
1815
2552
1881
4184
1538
4175
4859
1190
1357
1904
1190
4129
4109
4398
4450
1366
1634
4626
4357
4385
1666
303
2868
1661
1733
1554
5007
1693
580
473