Size
117,736
80,856
80,729
84,743
109,433
86,687
79,326
88,670
71,750
99,021
114,287
108,646
102,297
111,114
96,219
80,760
77,203
98,736
78,845
114,123
115,372
91,608
72,068
73,757
78,029
72,677
89,028
111,168
90,700
78,093
110,802
88,813
119,212
105,666
104,515
77,135
79,676
89,901
119,216
93,719
107,839
72,381
73,036
78,720
77,206
91,784
99,133
78,033
84,125
76,387
99,029
84,789
73,381
89,425
88,796
120,229
108,582
99,861
73,439
100,163
100,698
72,687
86,840
79,200
118,369
88,321
89,856
73,365
93,378
78,111
83,560
88,376
87,745
99,148
90,118
78,672
82,312
103,769
106,687
113,456
83,842
112,196
117,633
104,415
82,098
72,560
77,614
95,062
83,545
109,163
100,261
118,668
113,687
99,510
95,969
109,016
85,704
74,731
85,605
77,185
108,844
111,655
80,470
119,372
85,054
120,072
73,987
91,869
91,700
109,506
91,192
102,114
114,979
74,945
112,304
91,446
79,633
79,943
86,738
82,055
75,278
80,779
103,608
91,250
97,844
85,440
80,123
83,833
88,399
115,469
98,089
111,161
81,740
116,721
119,016
111,156
79,088
97,798
116,868
96,753
108,914
98,335
93,181
85,287
94,988
92,858
82,094
113,101
113,031
73,545
115,531
79,079
97,629
117,279
75,860
76,135
84,153
81,803
71,838
80,270
88,180
83,808
84,165
101,790
76,660
101,477
80,110
77,517
98,596
83,045
82,163
100,775
76,181
108,074
79,487
84,972
97,035
103,023
102,219
112,584
92,609
106,269
90,855
85,240
107,532
100,716
92,063
90,803
110,423
103,101
81,103
119,591
78,741
79,018
72,060
91,528
90,601
111,227
107,264
95,943
89,583
87,107
112,717
97,952
94,602
74,266
115,110
95,882
102,303
84,278
117,856
89,067
107,599
88,801
77,868
80,645
79,819
97,746
75,156
90,295
90,052
108,596
97,963
95,980
112,924
84,684
84,281
95,719
93,404
71,785
102,311
96,374
111,364
81,562
82,885
96,375
101,930
71,513
101,295
90,842
73,560
117,946
81,299
74,503
88,630
73,073
108,182
95,645
79,164
91,367
102,205
77,055
83,343
120,574
116,323
92,756
78,237
80,520
81,794
108,068
74,031
83,830
85,550
102,784
87,736
85,753
85,680
100,214
99,682
72,642
93,409
72,738
90,868
112,041
83,769
72,999
84,942
71,801
75,927
82,920
87,064
75,356
72,981
76,829
119,760
89,556
83,184
102,090
89,824
83,086
115,659
94,348
72,783
97,845
82,650
112,746
89,233
112,473
85,269
74,706
104,546
90,080
82,832
108,504
74,458
106,147
84,343
75,710
82,707
116,581
97,635
92,975
117,467
114,674
117,273
74,246
86,440
88,760
112,744
74,992
84,161
99,609
103,424
101,343
97,104
103,686
114,730
112,707
84,189
81,983
75,097
87,113
77,169
119,062
89,052
78,033
75,952
86,763
113,079
117,474
80,528
75,628
74,110
96,949
83,490
108,095
105,573
79,862
80,688
114,964
72,744
90,459
120,469
117,570
97,134
111,513
78,262
95,186
105,876
91,555
115,138
100,737
119,172
87,177
106,260
76,508
82,512
79,917
98,795
85,625
114,695
75,806
86,191
92,800
101,427
97,497
74,129
97,592
88,336
80,507
119,340
92,226
101,490
80,656
95,180
110,042
93,720
89,882
86,631
82,549
119,151
115,419
120,188
72,235
78,650
79,531
83,500
90,189
71,604
116,301
89,444
102,958
75,332
114,222
88,558
103,149
100,831
76,029
100,060
98,160
87,131
77,858
80,536
110,106
79,953
81,341
106,880
80,797
108,959
86,907
93,198
78,505
73,842
91,823
117,446
78,903
106,887
91,804
112,159
111,420
83,193
96,139
100,786
85,576
83,470
104,735
106,160
94,746
96,792
104,478
92,767
101,348
79,145
91,244
88,183
79,113
74,910
118,894
107,790
77,266
73,048
89,537
106,808
72,317
104,662
90,302
100,337
96,533
115,412
73,527
81,492
89,384
106,126
71,688
109,062
81,092
81,159
74,544
99,652
94,984
103,250
102,158
78,550
91,327
94,615
103,995
90,001
88,016
79,266
85,312
118,188
107,056
110,499
85,377
82,165
117,055
99,872
102,978
105,033
74,741
93,109
74,212
113,755
111,993
75,378
101,325
91,351
73,094
81,791
119,873
106,198
108,145
72,018
72,226
93,956
95,545
100,438
77,426
72,862
81,893
77,276
87,211
77,334
101,108
109,461
84,883
104,312
72,777
109,410
79,533
75,088
119,117
73,514
90,083
94,615
113,469
107,264
73,499
81,818
76,863
116,874
71,502
108,535
97,659
110,058
84,043
119,154
119,414
82,257
96,421
72,044
107,699
76,108
118,904
119,873
99,143
116,218
93,368
102,605
78,108
94,844
95,663
89,967
84,227
78,093
78,318
84,748
119,305
81,397
86,535
72,462
95,033
103,206
119,541
88,998
81,079
73,585
100,478
72,325
78,030
104,765
97,803
94,556
106,470
83,220
116,418
78,666
88,030
81,321
83,190
75,897
72,633
85,645
79,743
78,687
85,081
108,710
72,486
87,486
81,205
72,051
104,898
91,961
118,709
95,259
73,235
85,878
84,862
116,014
94,034
110,333
84,682
108,819
115,811
97,587
81,884
88,992
115,422
112,432
114,834
114,102
88,014
74,526
80,487
88,616
98,208
97,686
116,105
92,907
92,054
111,616
92,448
103,200
91,041
72,955
87,986
103,815
93,301
83,351
92,066
82,702
111,697
71,871
104,105
75,604
118,130
120,135
81,492
77,362
88,204
91,993
117,615
98,749
89,023
118,095
91,061
80,087
89,568
81,208
77,375
98,838
71,765
89,776
110,471
116,050
76,166
89,907
118,548
97,972
85,771
79,324
76,597
113,024
107,569
79,754
98,036
72,591
80,406
74,903
91,750
77,845
97,044
83,533
80,986
99,128
87,212
97,421
112,359
83,897
94,193
98,655
83,599
111,495
106,677
93,177
86,461
92,445
99,590
91,954
98,742
111,408
111,084
75,417
92,451
74,464
78,288
86,373
116,834
98,439
107,354
117,017
91,895
73,725
74,522
110,825
73,688
90,444
84,280
78,388
92,505
107,798
72,132
109,408
77,673
116,335
106,351
96,490
103,748
101,623
75,473
85,968
111,856
94,270
99,770
102,604
114,861
76,214
102,037
79,236
97,484
115,606
74,075
91,871
79,162
120,153
92,476
109,691
81,459
84,145
96,864
110,519
81,915
73,187
87,426
79,343
83,864
90,298
71,573
118,061
81,441
88,602
107,279
96,936
78,160
84,363
74,856
74,467
93,553
85,220
87,555
107,552
102,325
80,355
87,082
97,656
77,665
82,094
77,220
80,489
109,292
85,503
86,173
77,043
81,455
107,539
93,743
112,974
114,388
99,209
75,662
94,894
83,070
108,019
111,737
103,476
84,732
114,952
116,928
18,198
18,476
17,835
18,364
16,895
17,449
18,471
19,721
19,714
18,464
16,957
16,750
18,464
19,477
17,663
16,990
18,657
19,856
18,365
18,574
19,437
17,306
18,421
18,961
18,032
18,516
17,735
17,361
16,923
16,854
19,903
19,704
19,904
19,195
16,895
19,319
18,648
19,472
16,842
17,943
19,462
17,557
19,487
19,572
18,431
16,587
16,606
17,874
17,188
17,507
18,284
17,220
18,878
17,202
18,639
17,400
19,618
16,577
18,172
19,682
16,795
19,984
17,484
19,285
19,295
19,119
17,486
19,846
17,973
19,395
17,897
18,615
18,014
19,576
19,847
19,820
17,838
18,739
17,846
19,408
19,884
16,861
17,674
16,624
17,084
17,894
17,300
19,993
19,417
17,211
18,815
19,189
16,700
19,891
19,832
18,159
17,877
19,873
19,134
17,176
18,928
18,298
17,249
17,550
17,524
17,065
18,135
17,211
18,722
18,152
17,814
17,163
18,348
17,904
17,857
17,866
18,172
18,733
19,489
16,825
16,858
16,956
17,568
16,861
17,451
17,385
17,475
18,034
16,945
17,155
16,803
17,839
16,882
16,784
17,338
17,656
16,600
19,725
19,633
19,406
19,350
17,224
16,593
17,383
19,866
17,342
19,772
17,665
18,278
19,497
17,153
17,160
19,431
19,730
17,078
18,572
19,709
17,165
19,378
18,981
18,900
19,013
17,923
18,674
17,100
17,560
17,221
19,261
18,991
16,679
19,442
16,675
17,537
18,968
19,658
17,358
16,662
18,202
18,672
18,586
18,781
18,299
19,261
19,850
17,725
19,416
18,694
17,177
17,746
17,402
17,473
18,622
17,966
17,221
16,632
16,737
19,503
17,226
19,558
19,171
17,496
17,317
16,731
17,564
19,798
17,877
17,889
16,934
19,380
18,316
18,065
19,692
17,877
18,173
17,403
16,862
18,786
19,035
17,197
18,798
18,587
19,453
17,832
16,811
19,597
17,780
16,975
17,329
19,785
16,660
17,508
18,539
17,307
19,464
18,983
18,653
19,877
19,934
16,971
17,904
18,355
16,611
18,686
16,764
19,118
16,821
16,788
17,326
19,810
19,007
18,863
18,642
17,794
17,472
16,804
18,394
17,425
16,628
18,302
17,025
17,749
17,333
19,105
16,576
17,135
17,513
19,292
17,359
16,794
16,854
19,591
18,859
17,268
17,244
17,839
18,898
17,185
17,476
17,546
19,439
16,939
19,906
18,196
17,447
19,137
16,987
18,599
18,711
17,714
19,601
19,882
16,613
17,931
17,230
16,945
18,259
19,049
17,368
19,968
16,661
18,420
19,725
16,912
17,413
19,441
18,209
16,573
18,829
17,562
18,445
18,661
17,512
16,979
19,005
16,900
17,374
17,153
17,677
17,548
18,242
18,494
18,505
19,575
17,769
19,117
19,056
16,941
16,782
19,424
19,455
17,263
18,268
17,243
18,153
18,760
19,264
17,747
18,901
19,783
18,104
17,730
17,801
17,115
17,266
17,330
17,465
16,746
17,386
17,120
17,817
18,971
17,001
17,453
17,203
19,095
19,594
19,625
18,980
19,081
17,626
16,995
19,097
18,945
19,162
16,788
17,762
18,699
19,887
18,539
16,753
17,948
18,300
18,115
18,328
17,241
18,793
16,927
17,952
18,659
17,287
17,749
16,726
17,286
17,475
18,159
17,718
17,449
17,486
18,440
17,755
16,666
17,539
17,543
19,091
17,484
18,744
16,685
18,626
18,397
18,177
16,697
16,696
18,200
16,673
17,876
16,806
17,982
18,048
18,239
18,569
19,754
18,108
19,022
19,237
17,046
16,589
17,613
19,079
19,087
17,651
17,768
18,764
18,895
16,618
18,725
17,679
19,183
17,216
18,502
18,298
18,126
16,574
18,070
16,918
17,477
19,346
17,107
19,774
17,435
18,778
19,505
18,059
18,138
18,578
18,832
19,147
16,811
19,979
16,977
19,948
18,067
16,974
17,287
19,712
18,425
18,519
16,801
19,045
18,704
19,667
17,714
19,903
16,957
16,800
16,701
17,599
18,686
18,082
16,795
17,544
18,929
17,300
18,947
16,868
19,823
19,736
18,553
17,143
16,901
17,271
19,223
17,311
18,627
18,458
19,181
19,192
16,833
17,460
18,733
19,916
16,963
19,650
19,812
16,851
19,992
17,794
16,696
16,899
17,065
19,430
18,816
18,136
17,581
17,320
17,862
19,278
16,741
17,648
17,157
16,664
18,087
19,649
19,633
16,875
16,704
16,849
17,899
18,070
17,130
18,571
18,409
18,250
19,524
18,024
17,900
19,818
18,246
19,336
19,853
18,451
16,718
17,645
17,003
18,453
19,676
19,850
18,073
17,264
19,735
17,589
18,285
17,616
19,924
16,995
18,857
18,982
19,736
17,758
18,995
19,692
18,204
19,962
16,919
18,155
17,220
19,973
19,548
18,758
16,631
18,353
17,056
16,806
18,744
18,166
18,371
16,700
19,460
17,022
18,858
18,284
17,693
18,449
19,043
19,270
17,740
17,212
18,162
19,310
17,284
18,093
16,973
16,724
18,227
17,958
16,956
19,379
17,199
17,578
19,789
16,935
16,621
18,528
16,675
17,615
19,376
18,236
18,786
18,781
19,771
19,258
19,463
19,992
18,363
19,069
18,764
18,513
17,518
17,298
18,747
16,630
18,565
19,075
19,486
18,101
18,173
17,107
19,892
19,621
16,664
17,704
17,527
17,598
19,849
19,323
19,690
19,884
19,456
17,560
19,253
17,310
17,135
17,335
19,699
17,631
17,055
19,531
16,733
19,688
18,923
18,917
17,862
17,470
19,620
17,827
18,899
18,315
18,280
17,006
17,881
16,825
17,369
19,042
19,508
16,631
16,666
17,448
19,137
16,821
19,013
19,760
17,162
17,277
19,296
18,233
17,951
17,994
17,794
19,832
19,969
18,985
19,795
18,896
17,725
17,914
18,097
16,615
16,959
18,213
16,735
19,894
18,370
17,089
17,188
17,706
17,601
16,660
18,817
19,877
18,197
17,484
17,352
16,973
17,155
19,357
18,815
16,902
17,352
18,060
19,477
17,372
16,912
17,392
18,546
16,807
16,572
19,580
18,530
18,975
18,209
18,099
19,741
17,486
18,306
17,045
16,828
19,794
17,547
18,807
17,786
17,013
19,163
18,438
19,985
18,133
19,262
17,516
18,907
16,976
16,995
16,845
19,672
18,552
19,506
18,978
18,465
16,867
18,912
19,273
19,578
18,629
17,866
19,722
19,994
18,475
17,798
18,449
17,941
18,743
19,640
18,989
16,817
17,256
17,578
19,288
18,797
19,867
18,194
18,036
17,455
19,247
18,546
18,145
18,478
18,396
16,755
18,544
19,916
17,052
19,309
17,336
17,257
19,993
19,332
17,191
18,388
17,891
19,208
17,296
18,797
18,648
18,446
17,813
17,143
16,906
16,978
18,017
19,053
19,202
17,619
18,804
18,805
18,396
16,968
17,365
18,068
17,645
17,197
18,874
17,423
19,964
18,100
18,349
16,966
16,824
18,815
17,956
19,512
18,344
17,001
17,798
19,588
18,106
17,123
18,788
19,991
17,877
18,956
17,173
19,491
17,928
19,893
16,870
19,635
18,548
16,945
18,673
16,605
18,121
16,889
16,872
17,186
17,823
19,883
17,898
17,557
18,732
16,995
19,226
19,073
18,035
18,111
17,496
17,497
17,650
17,383
19,465
18,001
18,419
17,336
19,883
17,048
19,211
17,215
18,546
16,577
16,660
19,881
17,529
16,654
18,587
16,851
17,150
19,878
17,491
16,834
18,253
19,446
18,218
18,231
16,732
17,930
17,629
19,816
18,807
19,646
16,610
17,748
18,236
19,771
19,736
19,817
17,871
17,325
18,147
18,716
18,143
19,797
17,179
18,119
19,356
18,886
17,524
18,059
17,211
17,970
19,814
12,794
10,566
14,099
11,923
16,027
14,377
15,068
12,381
10,377
12,037
11,749
13,950
11,056
10,276
16,184
12,961
15,631
15,228
12,743
11,500
11,204
12,575
12,551
12,085
15,255
13,393
13,623
10,665
12,855
13,300
14,106
14,975
10,691
14,906
12,256
15,606
10,813
13,761
16,043
13,582
12,506
16,118
13,394
12,854
12,933
13,473
10,934
11,125
11,778
14,645
10,793
16,156
10,531
11,625
12,164
12,658
11,929
11,439
11,682
15,726
11,683
11,607
13,129
14,479
11,174
12,760
11,849
12,501
11,561
13,370
10,727
13,771
14,138
10,283
15,583
15,177
13,043
16,525
16,222
14,113
14,732
10,804
13,070
12,619
12,061
14,019
11,356
16,054
10,977
11,958
12,913
12,640
15,430
13,745
10,472
12,310
13,771
11,693
12,259
10,994
11,205
10,900
16,525
12,681
16,376
13,096
13,494
13,145
15,858
10,947
10,487
12,872
11,931
10,466
13,646
13,204
11,374
10,364
13,049
15,876
11,118
13,889
10,751
12,401
13,333
14,078
10,913
12,377
11,639
13,115
10,935
12,244
15,810
12,441
11,178
16,352
14,967
16,293
16,199
13,029
14,503
12,222
12,987
15,638
12,854
14,377
10,491
14,271
10,571
13,348
14,961
12,853
14,464
10,574
11,205
11,164
16,146
11,790
15,981
12,398
15,006
13,301
15,218
12,013
13,069
12,047
11,375
15,356
14,875
10,467
10,839
10,983
11,003
13,027
10,586
12,771
10,461
16,569
10,479
10,495
13,836
11,643
13,581
15,613
12,107
11,435
14,903
14,236
13,706
10,516
13,834
14,891
11,851
12,105
12,845
11,878
11,250
12,325
15,164
12,978
12,762
13,246
16,398
11,617
12,096
11,046
10,988
15,551
11,729
10,978
10,736
11,761
13,404
11,639
13,747
16,340
11,365
13,725
10,871
15,471
11,034
14,719
10,301
16,437
14,275
11,474
11,019
11,921
11,077
14,615
14,423
11,424
10,720
11,893
12,646
15,484
10,843
12,801
15,107
10,734
13,738
15,447
10,497
13,708
15,988
14,375
12,927
10,457
15,588
14,049
14,408
11,317
16,220
13,793
10,938
10,618
11,064
13,568
11,594
11,835
15,343
12,560
16,538
10,728
16,048
13,049
10,597
11,432
12,561
10,712
11,007
14,532
12,834
13,712
16,235
10,515
10,416
16,473
15,971
14,186
14,723
13,094
10,664
14,592
15,001
12,328
14,190
11,885
14,862
14,523
14,171
14,427
11,399
13,505
11,485
13,181
12,114
14,479
10,627
12,201
14,091
12,084
11,225
15,770
12,769
13,901
12,072
10,278
14,036
11,968
13,938
11,548
12,280
14,333
10,596
16,466
12,552
12,470
14,039
13,493
13,799
13,368
15,839
16,540
11,814
10,901
15,546
11,530
11,437
14,455
12,624
10,572
14,154
13,510
13,320
13,041
14,365
12,023
13,200
12,320
12,881
10,789
10,848
15,319
14,011
13,501
13,252
14,452
15,069
11,922
10,291
15,412
15,937
12,906
12,618
11,642
10,903
11,161
16,157
10,572
12,700
11,305
15,068
11,602
13,913
11,491
10,425
13,412
10,635
10,659
12,526
11,940
13,851
10,414
11,187
11,983
12,601
14,653
14,198
11,101
11,753
16,505
11,266
14,694
14,778
13,097
11,231
11,910
15,009
13,833
10,727
10,765
10,888
14,513
10,933
11,983
11,550
16,103
13,859
11,737
10,318
15,830
13,660
12,500
12,152
11,758
12,760
13,092
14,891
10,290
12,395
12,313
15,023
13,091
15,568
10,799
11,148
15,561
11,685
10,552
11,680
12,869
10,575
11,075
14,813
13,892
11,204
15,402
13,540
11,366
15,006
10,511
12,031
14,540
11,696
14,246
13,047
10,349
14,486
10,605
10,832
11,536
11,237
16,494
15,614
15,633
10,545
12,572
10,415
10,883
15,680
13,634
15,683
15,932
11,146
12,859
13,230
11,922
12,334
10,414
10,800
11,496
10,429
15,792
15,081
12,757
14,609
13,247
12,266
11,982
13,075
16,127
10,364
15,721
12,770
11,905
12,781
13,995
10,842
10,572
13,799
12,701
11,946
15,581
14,027
11,370
11,542
11,657
14,197
16,553
10,628
16,312
11,487
16,479
12,163
11,202
11,348
11,808
14,812
13,901
11,617
11,862
14,384
14,984
15,911
12,338
13,735
12,428
10,528
13,297
15,793
12,227
14,773
10,311
15,815
10,793
10,740
13,762
15,669
11,808
12,617
14,705
12,368
15,320
12,966
11,558
10,707
13,606
16,257
14,503
11,416
12,132
13,491
11,130
14,267
13,812
10,377
11,248
10,469
12,895
14,349
10,505
10,276
14,242
12,315
13,156
16,292
14,684
15,764
12,615
10,409
13,544
13,938
12,827
14,411
12,744
12,614
11,087
11,194
12,253
14,157
13,688
13,359
10,564
11,705
15,024
12,211
14,892
16,328
12,546
16,107
16,314
14,057
12,917
12,387
11,003
13,458
15,261
10,316
12,451
12,975
15,453
11,036
12,030
13,194
15,224
11,258
15,565
12,890
16,435
13,223
11,848
11,829
10,906
12,243
13,847
12,005
13,460
12,684
12,789
14,928
10,630
12,295
15,738
11,056
13,733
12,182
13,294
13,781
14,899
11,342
10,463
15,809
12,573
15,282
14,994
15,497
10,981
14,854
15,532
14,942
15,680
10,884
12,490
12,032
12,817
12,421
12,823
10,574
10,464
15,384
12,735
15,992
10,805
16,202
14,377
14,551
13,835
11,180
11,751
10,662
14,064
14,284
11,008
11,340
13,421
13,158
11,906
11,515
14,274
16,561
14,291
11,325
12,627
10,830
13,576
11,956
13,403
12,398
13,638
10,629
13,159
10,802
11,799
12,330
16,429
12,371
15,878
12,658
13,235
10,800
16,239
15,901
10,844
11,511
14,885
11,089
10,834
13,872
11,599
12,295
12,102
16,341
13,619
13,368
12,431
12,440
11,434
10,338
13,285
10,629
14,387
11,015
15,130
13,722
12,081
12,954
11,445
16,069
15,930
16,161
12,367
13,185
11,330
12,548
12,749
11,497
11,665
13,229
12,992
10,968
11,338
15,747
16,245
13,737
10,950
14,698
15,584
13,354
14,615
15,271
15,208
12,829
10,548
12,850
12,875
14,822
13,474
12,133
11,139
10,418
15,349
12,861
12,938
16,430
11,562
14,545
15,554
12,551
10,310
12,766
13,549
11,879
13,149
13,227
10,701
13,468
10,990
15,895
10,625
16,296
15,350
13,994
16,124
11,523
12,679
13,238
14,227
10,551
13,550
10,603
11,521
12,979
11,531
14,295
12,456
10,995
13,443
12,184
11,831
12,218
12,678
13,557
13,824
10,795
14,485
14,555
12,448
13,815
12,187
11,985
16,238
11,092
15,337
11,799
15,851
12,893
15,646
10,911
12,021
12,138
12,787
12,628
12,341
14,116
13,494
14,035
14,497
13,395
12,665
13,530
13,215
11,604
12,220
10,584
11,464
10,303
11,380
12,444
15,903
13,604
14,031
11,329
16,251
11,283
10,288
12,415
10,733
11,004
16,244
14,011
14,322
14,324
11,299
10,429
13,579
15,537
10,367
14,812
13,281
15,200
12,284
11,153
13,323
15,296
13,382
15,678
10,612
14,045
13,549
11,789
11,438
10,419
13,876
15,493
15,587
16,298
11,369
10,775
11,637
14,334
12,982
12,791
12,489
15,818
14,329
13,258
14,385
13,239
14,104
13,183
10,353
12,930
11,738
15,709
14,137
10,871
10,962
12,461
12,757
12,253
10,982
15,633
12,180
11,457
11,746
11,168
16,518
14,776
16,261
10,392
11,125
16,421
10,471
16,042
11,091
12,272
13,323
11,134
14,749
14,221
13,762
12,130
11,246
14,868
16,037
16,352
16,184
12,127
10,693
14,427
12,164
15,413
12,517
15,509
11,119
14,711
12,271
16,239
14,772
13,576
15,162
14,076
14,078
15,016
14,162
12,950
13,777
12,326
11,011
11,204
11,598
10,305
11,680
13,902
13,438
11,712
16,515
16,075
11,942
12,721
11,793
12,153
14,728
10,583
11,012
12,464
10,367
12,929
10,544
10,388
16,463
11,259
12,126
11,375
14,354
13,491
15,580
14,893
11,527
14,811
13,971
11,494
11,387
10,659
15,280
16,250
15,158
16,508
14,146
11,471
12,430
16,404
16,541
16,530
11,466
11,827
15,287
12,186
16,112
10,751
11,574
14,952
11,853
11,004
14,074
13,238
15,111
13,725
14,624
15,141
13,186
13,458
11,061
11,960
10,517
10,842
11,628
14,515
12,865
11,457
10,568
10,824
13,689
14,119
13,683
13,750
10,975
15,904
10,408
13,047
13,466
13,183
12,695
10,414
10,418
13,960
13,460
11,392
12,168
11,464
11,076
12,269
11,192
14,944
14,985
11,765
12,614
12,356
11,679
15,917
13,910
10,806
11,955
16,027
11,321
13,886
13,935
16,493
11,235
13,629
13,193
14,482
12,707
10,862
15,074
15,995
15,927
10,352
14,763
10,732
14,104
10,685
12,290
12,684
13,140
11,720
13,473
14,847
10,593
11,473
15,406
14,266
10,917
16,090
11,121
10,635
11,554
14,228
12,877
12,659
11,172
14,522
16,215
16,018
16,269
15,403
10,446
11,201
12,619
11,343
12,280
10,653
14,162
10,756
12,834
10,407
14,851
15,834
10,833
15,718
12,143
15,762
10,846
10,353
13,153
12,746
11,249
12,451
16,434
12,557
13,792
13,199
14,963
15,370
16,027
10,333
15,691
10,869
11,040
10,986
14,164
11,877
12,711
12,737
13,905
13,908
12,710
11,138
11,783
14,303
16,069
13,240
13,106
13,623
11,480
14,914
11,109
14,996
14,221
10,867
11,667
15,597
15,213
13,652
15,155
14,683
13,978
14,329
11,350
13,754
14,339
12,717
15,424
11,271
15,966
10,402
16,320
10,928
14,439
16,230
11,049
10,464
12,444
11,412
10,461
14,127
13,386
14,050
15,281
10,879
15,061
12,796
13,652
16,384
13,054
13,759
12,359
12,884
11,649
10,369
12,750
10,710
11,783
15,034
12,432
13,949
12,809
16,437
11,727
10,488
13,550
10,845
14,803
10,398
15,036
12,177
13,004
15,623
10,705
14,020
10,420
13,347
13,957
14,872
10,434
11,032
12,039
13,175
10,495
12,743
12,621
11,216
15,035
13,963
11,150
14,083
10,462
14,240
11,690
16,202
10,688
12,901
11,548
11,241
12,707
12,747
14,108
10,762
13,937
16,279
12,029
11,496
10,359
12,917
13,008
14,189
10,287
14,476
12,544
15,685
12,843
15,438
11,393
12,123
15,013
13,873
11,448
11,005
11,200
12,446
12,264
12,525
16,498
13,888
15,784
11,571
12,055
13,956
12,511
11,342
14,042
14,694
11,175
16,550
11,169
14,540
16,240
11,188
16,250
13,945
11,718
12,685
15,925
13,205
13,253
12,339
12,168
16,236
12,929
16,379
15,828
12,469
14,374
12,809
13,791
11,981
12,483
14,835
15,382
11,558
10,320
14,475
15,777
10,909
11,799
11,097
14,387
11,564
14,290
15,256
15,530
10,615
15,928
14,304
14,574
13,284
14,891
14,031
16,369
10,784
14,875
12,018
15,541
15,026
13,882
11,710
13,196
12,786
14,547
10,845
13,576
15,291
12,162
14,195
12,705
12,344
16,022
12,942
11,949
15,884
13,763
14,085
10,734
14,589
15,612
12,295
11,760
10,491
12,441
11,058
15,997
10,906
14,279
10,359
11,295
15,651
12,543
13,293
13,339
11,365
10,563
14,480
16,539
11,577
13,638
14,411
14,078
11,048
15,481
13,155
10,594
15,148
15,423
14,438
14,027
15,023
13,666
10,356
11,439
15,221
10,425
11,210
12,727
11,819
11,485
12,513
16,345
15,433
13,379
10,586
13,390
10,653
10,936
15,021
11,373
14,134
12,170
15,115
16,382
11,173
15,291
16,020
15,981
10,678
16,098
10,301
13,391
15,385
10,646
16,361
13,098
14,368
16,096
11,798
13,248
10,550
10,761
13,992
10,461
14,695
15,024
14,831
11,322
15,802
10,509
14,456
12,220
10,710
11,439
11,095
13,796
11,970
13,043
11,464
11,297
14,123
11,282
10,854
10,807
12,188
10,700
14,569
12,482
14,413
14,153
12,664
11,702
10,708
13,126
10,710
13,039
10,855
12,182
11,985
11,512
12,177
14,585
10,283
11,732
11,226
10,944
12,475
10,717
11,086
14,325
11,512
14,452
10,752
14,869
14,146
10,565
11,165
10,928
12,508
10,431
16,388
10,933
12,746
15,992
12,417
11,817
13,900
10,326
12,419
12,509
12,122
11,841
16,373
10,673
10,277
13,756
15,603
16,559
14,035
14,396
10,742
11,777
11,622
16,255
10,995
12,054
11,807
11,819
10,678
10,560
15,182
15,975
12,946
14,406
13,402
13,513
14,335
14,210
14,404
13,553
13,192
10,608
16,365
14,770
11,274
12,395
13,523
11,976
13,566
11,232
16,409
11,997
14,060
11,759
13,224
13,613
13,103
10,706
14,501
12,124
11,647
10,958
14,847
15,651
14,815
14,631
13,665
11,018
12,777
12,864
14,586
13,055
13,161
12,952
14,152
15,531
11,482
10,326
11,281
11,674
10,625
13,250
13,467
13,543
11,126
13,727
13,883
14,530
12,718
15,311
10,707
10,819
12,251
12,937
12,690
14,097
16,167
13,982
12,802
12,358
12,780
15,888
12,149
10,797
14,197
10,691
12,314
12,262
14,885
10,928
10,714
10,658
12,882
11,297
12,455
12,254
15,306
11,725
13,453
12,905
10,337
12,479
11,038
12,720
12,036
13,155
10,441
13,999
13,620
11,153
10,873
12,588
11,395
10,412
15,114
13,430
15,459
13,572
13,018
13,441
11,691
11,007
12,460
14,288
11,263
14,593
10,464
11,001
11,756
12,923
10,324
11,482
10,404
12,681
16,165
13,520
10,782
15,528
14,070
10,779
14,425
15,795
11,082
15,958
16,155
14,514
12,597
11,085
13,431
12,581
15,052
15,132
13,337
10,629
12,231
10,462
10,313
13,183
12,923
12,488
16,315
15,362
10,948
11,671
14,394
13,362
10,486
16,424
11,306
11,369
13,517
12,530
12,660
15,734
11,505
14,329
15,521
16,238
11,629
10,450
13,645
15,168
13,180
15,532
15,494
13,791
12,162
12,294
11,344
14,096
10,748
10,414
15,239
15,793
10,626
13,570
12,429
13,555
14,413
12,987
14,998
13,477
15,875
12,328
13,388
12,174
10,664
12,481
16,206
14,023
14,296
10,416
11,953
12,679
13,383
10,314
14,030
15,736
13,850
13,989
11,537
12,952
16,067
10,425
13,151
11,940
12,774
13,377
14,926
12,931
10,533
12,095
15,861
11,808
15,902
13,324
15,687
15,094
12,906
16,218
13,525
11,944
12,826
11,609
7,244
7,758
7,568
6,890
7,573
7,837
9,468
10,092
9,352
8,296
9,755
6,645
10,080
7,251
8,980
8,629
7,362
6,576
7,498
8,210
8,170
7,872
7,104
9,321
7,549
8,407
7,704
7,903
6,626
6,929
6,860
9,729
6,399
8,500
7,336
7,256
7,737
7,450
8,306
7,526
9,971
8,524
6,436
8,402
6,897
9,803
6,790
6,784
6,912
7,213
6,853
6,620
7,160
6,369
6,451
7,338
8,658
6,441
9,885
10,105
9,796
6,576
6,382
9,155
6,589
7,214
9,022
6,506
9,469
7,841
7,560
8,863
6,400
7,201
9,142
7,652
7,785
9,402
8,180
8,221
8,422
8,165
7,081
8,466
8,669
7,905
8,079
7,264
9,617
7,498
9,166
8,285
8,747
7,931
8,573
9,299
7,821
6,975
9,911
6,874
9,456
9,682
9,129
8,243
9,206
7,836
8,410
7,528
6,796
9,450
6,880
6,513
9,448
7,018
7,897
6,546
8,082
8,131
7,073
9,702
6,754
7,386
8,924
8,048
6,999
8,981
8,545
8,730
9,690
8,016
7,756
6,727
8,011
9,257
9,094
10,076
7,409
8,862
8,747
8,324
9,095
8,391
7,334
6,908
8,534
6,705
6,898
8,399
7,766
9,409
6,707
6,731
9,827
6,522
8,669
8,068
9,965
9,481
8,945
6,915
7,076
7,703
7,906
7,985
7,820
8,680
6,811
8,119
7,526
8,167
7,956
9,604
6,372
7,229
7,880
9,748
9,512
7,916
9,807
8,482
10,067
9,414
7,377
7,699
9,879
6,363
10,059
8,766
7,438
7,517
10,233
8,234
9,787
9,562
7,201
7,288
6,559
8,397
9,796
8,039
8,323
9,049
8,139
8,551
7,397
8,042
9,894
9,132
8,896
6,882
10,087
7,512
7,039
7,466
9,383
7,878
7,739
7,604
8,706
7,665
9,554
7,276
7,763
7,850
7,193
10,068
7,322
7,496
10,203
8,116
8,888
9,292
9,722
8,713
9,255
7,883
7,643
9,318
8,535
9,447
8,451
6,353
8,400
9,536
6,559
7,594
6,357
9,126
8,474
7,004
7,054
8,455
7,255
8,353
9,990
6,886
9,328
6,532
9,569
9,547
8,160
7,392
9,111
6,845
9,643
8,302
9,409
9,102
6,433
6,432
8,007
7,266
8,419
9,614
9,329
6,903
8,096
8,917
10,182
6,495
7,156
9,946
7,888
8,565
6,441
6,689
7,256
9,554
6,481
7,823
8,832
10,187
8,158
7,373
7,887
9,277
7,345
6,493
7,573
10,119
6,895
6,893
9,487
8,579
8,602
9,441
9,938
7,172
7,537
9,901
7,003
6,831
7,853
8,466
10,019
6,793
6,890
7,103
9,318
10,082
7,581
6,990
9,091
7,144
8,380
8,027
9,094
8,116
9,023
7,393
6,354
6,743
7,966
9,261
8,412
7,659
10,241
6,720
7,993
9,606
7,922
8,160
7,209
8,777
9,462
8,287
8,565
9,943
6,724
9,638
8,245
9,118
8,176
7,518
8,857
6,420
8,811
8,723
9,957
8,798
7,210
10,187
10,249
9,019
6,477
6,541
7,858
9,215
8,166
8,745
6,657
9,131
6,926
8,114
8,434
9,820
6,360
7,441
8,201
9,670
9,093
8,915
7,586
8,808
8,019
6,914
9,351
6,650
8,584
7,538
7,314
7,411
9,200
6,634
6,699
6,699
7,298
6,808
7,329
6,481
8,465
9,070
7,743
9,666
7,209
6,727
9,652
7,198
6,395
6,847
6,517
6,540
9,855
9,525
7,927
6,816
9,697
7,227
9,585
6,959
7,885
8,708
8,477
7,109
9,096
7,088
6,537
6,889
8,313
6,780
6,354
8,601
9,560
8,554
8,443
8,701
10,160
7,386
7,547
8,244
7,067
8,963
7,346
6,912
9,027
7,217
8,497
6,421
9,737
8,371
7,094
9,017
9,668
7,455
6,962
6,801
6,961
7,269
8,124
6,844
8,233
10,224
7,710
7,045
9,391
6,655
6,381
9,910
6,465
8,294
8,214
7,509
8,374
6,504
6,821
9,041
8,352
8,921
7,797
7,075
7,660
7,618
6,745
7,960
7,543
6,827
7,988
8,472
6,380
7,983
7,239
7,144
7,672
7,399
9,186
10,103
8,394
9,960
7,260
9,279
8,205
9,115
9,199
6,489
7,063
9,538
6,839
7,341
9,606
6,930
8,459
7,778
8,425
9,067
8,997
10,040
7,191
8,288
7,988
9,021
7,860
8,494
9,246
8,902
9,351
8,496
8,468
7,625
8,350
8,611
6,542
8,290
6,565
8,824
6,780
7,098
8,888
7,306
8,904
6,735
9,721
7,663
8,379
9,307
6,583
7,913
8,180
6,831
8,783
7,740
7,066
8,598
7,517
10,080
7,518
8,739
7,152
6,838
7,005
9,782
9,869
8,312
6,740
8,201
8,102
9,542
9,355
8,722
8,345
8,086
10,031
9,436
8,346
8,275
7,412
8,850
8,004
6,604
9,498
9,939
6,649
9,090
9,534
6,597
6,521
6,819
8,805
8,477
8,210
9,388
10,114
6,898
9,656
6,966
9,532
8,479
8,004
8,063
6,747
8,071
8,755
10,104
8,385
6,914
8,072
6,990
7,503
7,923
8,084
7,900
6,410
7,088
6,772
8,025
9,059
9,910
6,858
8,251
10,218
7,622
9,432
9,880
7,601
8,129
6,391
9,327
7,613
7,323
6,691
9,532
8,135
6,856
8,945
6,354
8,011
10,185
7,113
9,965
7,366
9,876
6,989
6,359
9,809
8,860
7,371
9,180
7,496
8,000
9,340
8,518
8,664
7,026
7,485
7,102
6,504
8,931
10,073
9,366
6,619
6,755
7,452
6,872
7,856
9,073
8,909
9,292
7,363
8,731
7,696
7,460
9,006
6,870
6,501
10,027
8,785
6,909
9,028
8,329
7,825
7,463
6,690
8,128
6,404
9,666
8,481
7,315
8,663
9,138
7,250
8,430
9,444
6,691
6,871
7,559
9,361
9,407
9,471
7,346
6,888
8,000
9,510
7,969
9,317
7,487
10,065
6,670
7,615
7,515
9,278
6,985
9,938
7,129
7,723
9,752
7,210
7,083
7,383
8,754
9,203
7,474
7,054
9,204
7,101
6,459
7,186
9,048
9,455
9,684
8,165
6,854
7,238
7,667
8,379
8,054
9,003
6,609
9,911
7,365
6,581
8,420
7,058
7,066
7,710
9,036
10,062
9,748
9,867
8,894
6,687
9,134
8,632
10,202
6,823
8,030
8,217
10,147
7,846
6,594
6,515
7,706
9,950
9,243
9,913
7,643
6,792
6,920
8,710
7,661
7,031
6,994
7,222
8,693
8,568
6,884
8,237
7,933
9,413
9,397
6,850
9,143
9,048
7,076
6,725
6,975
8,410
6,688
6,688
8,153
6,513
9,883
7,850
7,904
6,497
7,101
8,179
9,472
10,176
7,523
8,066
7,546
8,433
8,164
6,595
7,495
8,688
8,104
8,057
9,584
6,442
10,175
10,129
7,765
9,514
7,160
9,492
7,200
7,862
8,571
6,642
9,586
8,832
9,837
9,090
9,894
6,744
8,976
9,617
9,203
8,266
8,647
9,493
9,791
9,793
9,537
6,780
7,424
8,436
7,683
7,181
9,584
6,745
9,118
8,012
9,770
6,907
9,276
9,251
8,814
9,316
8,916
9,856
7,954
8,491
8,732
8,542
6,473
9,415
8,346
10,250
8,109
8,295
8,733
7,847
9,744
6,706
6,937
6,569
6,617
9,560
8,316
7,772
6,755
6,885
8,592
8,185
6,481
7,144
9,502
8,213
7,704
9,822
7,548
8,667
8,785
9,311
8,726
9,737
6,391
9,377
6,771
6,375
8,040
8,702
9,318
6,753
9,001
6,711
8,057
6,508
6,538
8,373
6,631
7,483
9,945
7,438
7,348
7,413
8,615
9,301
6,820
7,448
8,546
8,319
9,113
7,032
6,620
7,592
7,604
7,255
7,300
6,419
6,521
7,499
6,435
7,610
6,939
10,026
8,543
7,458
7,191
7,605
7,654
8,144
10,262
8,244
7,377
7,706
8,664
7,120
8,023
8,569
7,738
8,930
9,654
6,816
6,638
8,534
8,034
7,083
6,740
8,157
9,438
7,511
6,686
6,523
8,686
7,403
7,543
9,604
9,561
10,257
7,905
9,918
7,107
6,969
9,108
9,186
7,392
9,470
7,953
8,356
7,449
8,644
8,644
7,086
7,025
7,348
9,256
7,696
6,838
7,453
6,463
7,239
10,086
7,266
6,572
9,131
8,595
6,685
7,224
7,390
6,747
7,521
7,431
8,730
6,574
6,738
10,261
8,205
8,688
9,764
9,072
7,800
6,395
9,148
9,378
9,370
10,144
6,478
7,400
7,304
6,384
6,732
9,787
6,660
6,887
9,571
7,408
8,193
10,084
7,432
8,262
6,578
8,727
9,385
9,295
9,193
7,259
7,523
7,107
7,529
8,718
8,091
8,603
6,847
6,913
7,241
7,905
8,914
7,731
7,021
6,576
7,406
7,915
7,877
9,016
8,330
7,469
10,069
7,377
9,473
8,322
8,662
8,327
9,340
7,029
8,969
9,246
9,720
7,184
9,293
7,774
6,569
9,955
7,273
7,486
9,608
7,581
7,989
7,553
7,467
6,497
8,913
7,320
6,773
8,111
10,156
7,312
8,960
8,305
7,985
6,423
9,368
7,786
10,213
9,786
8,903
7,387
7,445
7,137
6,752
7,450
8,751
10,141
8,602
9,508
6,895
7,286
10,213
6,875
7,723
10,165
9,163
8,417
9,718
9,323
10,018
10,191
7,788
7,938
9,740
6,422
8,163
8,576
9,419
7,404
9,319
6,694
6,546
7,291
7,537
8,209
6,452
7,772
8,881
7,817
6,448
7,149
7,392
9,873
10,163
7,364
6,787
7,750
6,445
8,405
8,105
7,269
6,685
7,391
8,408
7,835
8,707
6,380
7,171
9,681
6,830
7,699
9,664
8,410
8,294
8,603
6,395
6,634
7,102
7,720
7,423
7,304
6,977
7,124
9,621
7,858
8,753
9,149
9,377
7,691
7,962
8,098
6,695
7,898
6,940
7,632
7,330
9,001
8,258
6,650
8,055
9,667
7,434
8,537
9,199
6,587
9,475
9,349
6,677
9,051
6,836
8,761
9,206
6,487
6,851
6,660
8,000
7,346
6,604
8,146
7,917
7,350
7,264
7,277
6,874
9,874
8,229
7,675
9,992
7,385
9,237
8,234
9,753
8,275
7,194
8,815
7,692
7,555
9,717
7,270
8,868
6,925
8,093
6,842
8,936
7,872
8,172
7,837
7,304
6,702
7,008
7,733
7,414
6,822
7,185
8,614
6,649
9,194
7,933
7,046
7,760
8,923
7,381
7,063
6,574
6,551
9,168
7,506
9,031
9,562
9,977
9,917
7,445
8,192
6,979
10,250
9,181
10,069
7,982
9,949
6,444
6,885
8,110
7,901
9,830
8,235
8,511
8,399
7,367
8,957
9,812
7,410
9,012
6,627
8,713
6,657
7,918
6,725
7,003
6,482
10,110
7,581
7,746
9,112
8,516
7,881
6,594
8,003
9,363
8,349
7,181
7,295
7,795
8,464
10,099
6,467
7,433
8,275
6,969
7,738
8,666
6,858
8,040
8,773
6,791
6,829
6,458
9,001
7,167
9,571
7,482
6,955
6,737
7,656
7,959
6,517
9,659
6,984
7,316
6,739
8,008
7,849
6,456
8,526
7,779
8,521
9,098
9,459
7,523
9,200
7,398
8,506
7,098
7,704
9,796
8,346
6,383
8,469
7,625
7,491
8,334
8,230
7,941
8,374
6,853
6,351
10,037
6,605
7,701
7,939
7,019
8,606
9,810
6,392
6,863
6,697
6,684
7,651
7,610
7,188
8,191
8,065
6,588
9,305
9,315
7,370
7,478
9,959
6,865
6,885
8,585
6,956
9,708
6,953
9,314
9,931
7,893
7,665
6,567
6,647
7,409
8,283
8,897
6,847
9,186
8,950
6,614
8,136
6,461
9,859
9,595
8,690
7,796
7,315
7,656
6,515
6,696
7,493
6,579
7,656
8,406
7,010
10,083
8,533
7,490
6,370
6,483
9,042
6,716
8,129
6,874
6,782
7,902
7,870
6,782
9,391
8,830
9,977
10,004
7,271
6,432
7,460
8,318
6,666
7,025
7,583
8,659
10,156
7,011
7,538
7,273
7,461
7,689
7,058
9,591
8,823
8,113
9,566
8,779
7,414
6,912
6,870
8,427
8,472
8,123
7,464
7,166
9,583
6,602
8,845
6,491
6,477
6,765
6,452
6,447
6,653
8,468
7,891
7,654
8,178
6,576
8,981
6,912
6,972
6,361
10,016
7,000
8,150
7,532
7,416
9,340
9,066
7,629
7,780
9,696
6,669
9,970
10,023
8,402
9,692
7,740
7,798
9,288
10,228
8,361
7,284
9,125
8,444
8,467
8,441
7,232
6,828
9,190
8,429
8,994
8,173
7,231
7,605
9,038
6,657
7,130
8,098
9,252
7,684
8,607
8,316
8,585
9,607
9,988
10,186
8,696
6,680
7,163
10,199
7,696
7,150
7,324
9,407
8,509
8,138
7,197
7,038
7,040
6,496
6,484
9,098
9,215
6,557
9,544
8,662
8,393
8,818
7,915
6,585
8,712
8,498
7,755
8,390
6,892
7,748
9,246
10,109
8,705
8,683
7,445
7,616
6,552
7,903
7,344
8,580
9,624
9,973
7,695
6,403
6,824
7,593
6,528
9,805
8,036
9,364
8,167
9,118
9,566
7,540
7,044
9,780
7,156
7,564
9,835
9,814
9,012
10,137
6,526
6,435
6,493
10,134
8,261
9,576
7,468
6,739
7,616
7,701
6,493
7,633
7,974
7,708
8,920
9,361
8,068
8,691
6,941
9,423
9,634
8,400
9,892
8,330
8,059
7,272
7,607
6,444
8,324
9,272
7,652
6,986
6,880
7,105
10,036
6,430
7,268
10,071
9,802
6,941
7,984
7,413
6,940
10,206
6,587
7,555
8,148
10,241
8,489
9,587
6,404
8,352
8,215
7,848
9,701
7,259
8,443
7,572
8,166
9,482
8,204
7,835
7,459
8,804
10,225
7,796
6,463
9,597
9,659
7,912
7,716
8,403
8,893
10,088
6,748
6,820
7,668
7,228
8,470
6,740
6,518
9,028
6,699
9,320
7,633
8,075
7,379
9,258
7,244
8,248
7,577
6,564
6,590
10,002
7,782
6,913
7,197
7,595
8,882
9,218
7,841
7,004
9,448
6,754
9,496
6,467
9,709
7,784
7,324
6,851
9,307
7,955
7,056
8,011
10,015
6,640
6,421
6,362
6,633
7,310
8,302
8,073
6,455
9,618
6,459
7,288
8,012
7,649
9,424
8,085
10,207
8,969
10,114
8,377
8,983
7,485
7,202
8,338
6,401
7,671
7,511
7,039
9,529
7,103
6,435
8,785
9,038
8,166
7,238
6,597
9,229
6,362
7,545
6,860
9,083
7,181
8,112
9,860
9,089
7,690
6,738
6,383
6,550
7,720
7,033
6,863
7,981
6,423
7,185
8,850
8,634
7,819
8,523
7,121
7,991
7,391
7,244
9,725
6,687
8,084
8,338
7,983
7,983
7,750
7,219
7,955
7,901
10,178
7,451
7,652
10,057
10,132
6,696
9,814
6,881
6,634
6,820
7,675
10,086
6,574
10,255
7,755
8,440
9,975
7,660
6,954
6,998
6,978
6,830
9,512
8,510
8,530
6,933
10,049
7,466
7,242
7,756
6,664
8,394
7,371
10,066
8,256
7,618
7,558
8,537
9,637
9,908
6,540
6,428
6,689
8,393
8,675
9,447
9,539
6,965
8,794
9,063
7,969
7,678
7,044
8,401
8,740
6,937
9,652
7,702
6,466
9,591
7,736
8,589
6,711
7,719
9,458
6,899
7,945
6,582
7,547
8,826
7,262
6,896
9,384
6,674
9,484
10,109
8,348
9,844
6,588
7,773
10,120
6,542
8,218
8,934
7,678
7,821
9,376
7,125
10,206
7,015
9,028
7,216
8,338
7,858
9,032
6,473
6,549
9,777
8,590
8,822
6,369
7,139
9,482
10,125
7,876
9,648
6,874
6,756
7,269
6,503
8,533
7,850
6,943
7,689
7,599
9,168
7,772
8,249
9,037
6,832
6,500
8,976
6,719
7,100
8,512
9,134
9,569
9,960
8,670
7,724
6,617
9,824
8,067
8,015
6,895
7,241
8,659
6,426
9,677
8,318
9,674
6,772
7,757
7,708
9,979
6,687
9,526
9,378
7,656
6,777
7,102
7,603
8,737
7,130
7,353
8,390
7,277
7,365
8,595
9,871
9,433
7,454
9,830
6,964
6,460
6,960
7,528
6,822
7,495
6,548
8,536
6,405
9,077
9,836
9,217
8,883
7,731
8,168
8,139
8,244
7,915
7,568
8,179
6,698
8,276
7,871
7,713
7,800
6,441
7,567
7,128
9,013
7,040
9,839
9,451
8,143
9,365
8,326
7,805
10,231
9,914
6,682
8,163
7,643
6,944
9,175
8,520
7,863
6,488
6,483
10,137
6,946
8,338
8,644
8,708
8,120
6,460
7,141
6,471
7,967
8,673
6,596
7,223
9,110
7,630
9,686
7,701
6,721
6,745
9,893
6,952
9,037
10,232
8,958
6,839
8,286
8,601
7,831
8,256
7,400
7,730
8,742
9,519
6,540
8,028
9,178
8,163
7,591
9,205
8,537
9,222
10,161
8,618
7,117
9,799
9,474
7,306
6,754
9,813
6,968
8,743
7,658
7,682
6,691
7,279
9,674
9,619
6,998
9,081
9,708
7,477
9,195
7,295
7,434
7,874
8,458
6,597
7,714
9,326
8,560
7,350
6,699
8,366
6,858
6,625
7,147
9,583
9,178
6,660
7,682
7,376
7,875
6,916
8,483
10,056
6,600
9,933
7,274
6,393
6,788
9,965
10,004
9,141
8,183
9,021
7,307
8,906
7,082
9,506
8,477
9,050
6,357
7,957
8,013
6,564
6,907
7,120
7,206
6,413
8,898
6,542
7,090
8,899
7,886
8,064
7,326
7,978
8,420
8,030
9,756
7,431
6,422
6,570
8,407
6,786
8,076
8,447
7,308
8,832
8,150
7,522
7,404
7,273
10,081
6,766
9,393
9,089
9,836
9,197
9,771
8,832
7,136
6,652
8,174
6,691
10,168
7,347
6,473
8,490
6,866
7,004
9,823
9,471
6,409
6,373
8,072
8,723
7,330
8,511
7,675
6,522
7,597
9,688
6,704
9,401
8,634
9,407
7,733
10,155
9,404
10,091
6,686
7,160
6,452
8,597
8,686
6,936
9,248
8,314
10,273
9,865
7,159
6,843
7,568
8,931
6,776
6,412
6,473
9,032
7,109
7,235
7,016
6,982
6,494
7,319
7,409
8,104
9,261
7,492
7,175
7,429
8,761
6,592
6,562
7,164
9,754
7,938
6,990
9,170
7,228
7,721
6,396
9,376
8,143
10,086
6,978
6,829
8,711
8,263
6,518
9,697
8,966
6,684
9,502
8,388
8,214
7,011
9,840
9,769
9,498
8,861
6,768
6,836
9,726
6,814
9,621
7,315
7,043
8,726
7,463
8,557
8,491
7,216
10,274
7,878
7,452
6,401
6,789
9,659
7,799
8,613
9,577
7,197
7,254
6,653
9,360
7,346
6,723
6,532
9,880
8,783
7,812
7,022
8,767
8,184
8,870
7,973
8,213
7,073
6,487
9,555
9,838
7,303
9,034
6,825
9,190
6,838
8,603
9,847
9,435
9,680
9,535
8,340
6,598
7,431
8,847
8,331
9,330
9,747
8,896
6,370
7,795
10,255
7,389
7,980
6,867
8,390
7,129
6,824
8,542
8,696
6,886
9,371
7,353
6,972
9,618
6,499
7,432
7,718
8,006
9,301
8,129
9,749
7,445
6,574
7,390
8,619
6,386
9,233
8,021
6,697
7,749
6,630
9,167
9,000
8,211
7,027
9,581
7,135
7,792
7,631
7,509
9,272
8,165
7,226
8,604
8,568
8,597
8,006
10,077
7,285
10,148
9,638
7,508
7,067
6,503
7,747
7,309
6,624
8,064
9,878
7,491
8,395
8,769
6,706
8,180
8,454
9,958
7,150
6,888
9,481
7,384
6,950
6,552
6,831
7,328
7,741
6,952
9,618
8,517
7,424
6,718
7,185
8,319
8,145
9,524
8,796
6,946
6,686
9,295
9,396
6,847
7,894
8,011
7,644
8,836
7,287
8,513
10,205
9,184
8,055
7,634
7,072
6,551
7,229
9,411
8,473
7,606
6,499
7,117
9,967
6,390
9,313
9,180
7,638
6,591
7,204
7,850
8,616
6,747
7,167
7,293
6,462
7,553
6,495
7,956
6,836
9,250
7,879
10,055
9,593
9,274
6,435
9,783
8,956
6,675
7,995
6,657
7,070
8,099
8,153
8,211
7,973
8,920
7,746
8,337
8,402
6,549
8,916
7,301
9,425
8,456
10,166
7,795
8,101
7,821
8,042
6,425
7,418
6,952
6,882
7,988
7,475
7,634
7,293
8,070
7,733
7,422
10,049
6,806
7,015
8,326
9,645
6,706
7,254
9,014
6,765
9,543
10,112
7,350
9,406
9,532
7,269
6,711
7,885
6,749
6,868
9,269
6,374
8,210
7,637
9,179
7,958
7,709
8,323
7,260
7,847
6,990
8,803
9,227
7,390
10,188
9,346
8,945
7,572
7,654
6,950
7,042
8,368
9,893
9,470
7,845
7,530
7,683
6,476
10,158
7,310
9,255
8,143
8,335
7,969
6,511
7,645
9,040
6,483
6,848
7,337
9,225
7,499
9,346
8,690
7,641
8,789
9,390
7,935
9,473
6,808
7,218
8,580
6,446
10,257
8,226
10,088
6,422
7,308
8,108
8,792
7,720
7,745
9,020
7,169
8,948
10,200
7,877
7,157
8,840
8,993
9,351
8,420
7,311
7,704
8,777
6,886
8,808
7,113
8,009
8,032
9,581
8,169
9,872
6,566
9,109
8,782
7,502
6,961
6,901
10,066
8,502
8,419
7,296
6,686
7,803
9,921
6,504
9,404
6,919
8,658
7,441
8,608
8,030
7,638
10,224
8,880
8,191
9,006
6,611
7,614
6,757
6,968
7,214
9,149
8,404
7,909
8,073
6,764
6,858
7,866
6,391
6,826
7,347
6,911
7,582
7,998
9,948
7,320
9,978
9,663
8,971
7,281
8,104
7,629
9,279
6,497
6,389
8,503
7,331
9,973
7,933
10,134
9,180
7,942
7,942
8,811
7,414
6,635
9,042
10,255
6,618
6,527
8,820
7,825
9,444
7,413
8,405
7,069
8,736
8,980
8,966
6,623
8,705
8,447
6,939
7,427
7,807
8,333
8,127
9,610
6,650
7,073
9,711
9,270
6,378
10,123
9,853
6,910
9,742
8,015
8,853
8,563
7,760
7,801
7,439
8,340
9,547
7,025
9,476
7,295
8,816
8,291
7,834
8,582
10,147
8,473
7,089
6,778
7,895
6,729
7,270
6,626
6,626
6,379
9,431
8,614
8,644
6,689
7,570
9,834
9,636
9,451
8,838
9,961
9,337
6,854
10,104
6,405
9,136
8,497
8,326
7,228
6,949
8,023
7,342
7,305
6,429
9,588
7,883
10,183
9,613
7,255
6,982
9,703
10,139
7,291
8,148
7,259
8,342
7,180
7,034
6,776
10,155
6,360
6,794
7,927
7,473
7,493
8,485
7,343
10,256
9,421
7,581
10,191
9,113
8,320
6,497
6,433
9,085
6,730
7,294
6,942
8,807
7,522
10,105
10,065
9,518
8,132
7,914
8,452
7,065
9,995
7,066
6,657
7,750
6,593
9,194
9,474
6,664
7,972
7,899
6,688
9,647
9,569
9,296
7,513
9,639
9,284
9,117
8,320
8,590
7,149
7,395
7,741
6,788
9,691
6,597
9,266
9,716
8,865
9,408
9,232
8,534
7,146
9,941
7,609
7,579
8,385
9,045
8,321
8,543
6,845
9,156
7,469
6,820
10,182
8,061
9,308
6,758
9,362
7,683
10,085
8,574
6,631
7,802
7,670
10,274
6,703
7,197
8,866
8,926
6,351
9,902
7,851
6,970
10,088
7,293
7,796
7,884
6,819
10,019
6,948
7,032
8,737
8,740
9,892
8,928
7,082
9,213
7,474
8,017
7,197
6,566
9,882
8,675
8,269
8,813
8,873
7,018
8,534
7,950
9,968
8,957
8,853
8,820
9,944
7,578
8,776
9,583
9,822
9,125
7,788
6,437
6,466
8,744
8,379
6,461
8,276
6,967
8,805
7,220
7,204
10,255
9,701
9,777
8,302
7,490
6,447
9,376
7,551
8,268
8,006
9,417
6,937
7,010
6,478
8,079
8,134
7,033
7,364
8,075
7,676
7,679
8,474
7,093
9,656
8,174
9,331
7,999
6,739
6,365
6,731
9,599
6,883
8,345
6,846
7,795
9,196
6,692
6,732
7,340
7,910
9,523
8,840
9,980
9,619
7,101
7,924
9,209
6,765
9,420
9,333
8,841
8,742
7,304
9,703
7,723
8,178
8,942
10,171
7,386
7,296
6,772
7,767
33,285
36,291
30,964
36,001
31,034
31,548
33,466
32,373
36,411
37,001
35,024
30,893
37,814
32,990
32,452
31,893
30,299
32,548
31,659
34,642
31,746
34,642
33,234
34,155
36,386
35,228
33,384
32,020
36,982
36,346
37,156
32,079
33,843
37,294
33,113
31,464
30,810
36,190
32,058
36,625
33,354
36,715
32,423
37,330
36,066
36,749
32,897
33,755
30,536
35,796
30,100
32,563
30,520
33,523
32,870
36,202
31,251
32,874
34,057
36,422
36,888
35,263
30,979
31,201
34,568
36,733
32,804
34,510
33,316
34,123
36,901
30,397
33,575
37,079
33,697
31,790
30,893
36,614
32,568
31,514
34,934
32,723
31,460
37,255
35,327
31,349
36,764
37,649
36,482
35,007
34,471
33,197
30,456
30,251
32,189
34,371
34,341
32,173
31,842
35,202
32,018
31,824
32,531
30,311
32,402
34,909
31,317
35,198
35,253
35,954
31,286
31,181
30,134
32,939
30,488
32,387
37,429
35,718
32,556
33,069
30,075
34,075
33,024
33,041
32,804
32,080
37,441
34,190
31,628
37,007
33,197
37,621
35,144
30,103
32,011
30,062
35,680
31,050
31,595
37,870
33,061
36,078
36,673
32,209
34,411
32,218
32,315
30,065
35,806
35,596
30,882
34,242
33,250
30,750
31,249
34,442
36,711
31,351
37,424
34,110
35,032
33,814
37,874
34,677
30,351
30,193
34,438
34,361
31,702
37,174
35,395
32,034
32,434
34,210
35,309
36,532
32,518
33,246
36,829
33,274
32,164
32,636
35,240
35,368
36,627
33,091
34,534
32,462
36,050
36,863
32,364
36,010
35,684
32,113
35,166
30,109
37,272
36,315
37,699
37,241
37,029
35,831
35,863
30,288
37,496
33,542
35,207
35,625
30,245
34,613
35,397
37,524
33,950
34,499
32,278
31,172
35,251
33,171
35,082
30,769
31,144
34,787
35,040
34,687
30,678
34,165
31,211
31,538
30,933
35,755
36,755
34,006
35,145
31,419
31,615
30,630
34,522
32,678
32,019
36,748
36,180
36,364
34,924
35,567
32,755
33,035
32,771
35,414
31,566
33,425
31,001
31,571
30,789
32,714
36,783
30,593
30,455
30,727
33,628
35,955
30,848
33,471
34,208
36,312
32,749
31,556
31,934
34,555
33,346
34,096
32,539
34,494
31,448
34,293
31,537
30,434
35,063
31,325
31,668
31,267
36,025
37,829
33,229
30,257
31,424
31,326
30,380
35,387
30,136
34,502
31,583
37,551
33,427
30,058
36,795
34,803
31,433
30,827
32,121
36,245
32,185
31,141
36,569
35,799
34,123
34,546
36,513
30,804
36,104
30,928
30,260
31,484
30,600
30,007
35,885
30,615
33,426
31,895
35,259
30,983
29,998
30,849
33,818
33,590
32,003
30,298
37,198
32,610
35,993
37,085
35,676
33,325
30,583
32,619
33,787
30,466
35,464
34,959
30,076
36,889
33,535
32,214
31,722
37,362
35,140
34,967
32,236
35,883
30,799
32,857
33,411
34,342
31,046
34,657
32,658
37,882
32,922
31,159
35,262
32,045
30,479
34,702
31,015
31,242
33,126
31,892
31,887
31,120
37,813
35,332
32,235
31,355
36,685
35,558
32,601
35,699
30,071
35,898
34,769
31,725
34,072
32,957
33,395
31,830
37,030
32,950
30,253
33,525
30,130
36,012
34,250
33,201
31,885
36,992
31,074
30,283
31,989
31,189
30,188
37,015
30,839
35,367
32,294
30,249
37,142
34,033
31,356
37,132
35,167
36,323
36,560
37,333
35,629
36,549
30,292
32,598
31,230
33,941
34,119
37,520
37,771
30,001
34,601
30,492
34,339
34,411
30,515
30,630
32,245
30,207
32,533
32,381
30,251
36,449
32,672
32,158
34,556
36,261
30,163
37,797
31,302
36,372
33,490
35,863
31,740
35,782
30,026
36,932
30,351
31,133
35,890
36,955
31,821
31,187
34,983
36,800
36,469
33,380
36,131
37,237
31,219
33,016
33,078
33,108
32,477
36,086
37,442
35,752
33,157
35,184
31,437
35,277
36,724
33,262
34,615
32,566
34,337
32,029
30,828
35,482
34,494
30,412
33,049
33,505
36,307
37,092
36,766
34,504
30,653
33,908
37,806
31,810
35,595
31,032
36,707
33,531
32,063
30,744
32,066
32,955
32,131
36,726
36,162
37,105
34,235
33,176
32,648
37,869
33,072
34,008
37,836
34,666
36,803
32,847
33,728
32,578
30,935
31,818
31,656
31,883
31,420
30,332
30,767
36,497
31,216
31,048
36,839
37,261
34,436
30,457
37,882
30,811
34,253
37,103
34,551
34,174
31,063
30,773
31,803
30,242
32,590
36,786
31,262
30,492
36,060
32,114
33,008
36,925
34,880
30,684
33,294
33,186
37,440
34,455
32,950
33,696
34,860
30,007
34,764
32,830
33,912
31,046
34,923
36,787
31,802
31,631
35,752
30,333
31,752
35,220
32,978
31,141
31,181
37,775
35,466
30,848
35,563
32,618
31,750
33,994
32,386
34,683
36,304
32,927
32,136
35,074
34,814
30,920
35,605
32,871
35,880
31,605
34,790
31,142
36,578
35,594
35,583
31,470
33,943
33,664
32,130
37,234
30,113
31,036
37,232
36,496
36,829
33,707
31,296
33,555
35,497
31,950
34,608
30,268
30,489
36,938
37,665
37,685
37,191
34,762
32,179
36,276
33,304
35,438
32,384
35,788
37,594
35,929
35,168
37,248
32,225
35,513
33,970
37,288
31,365
32,430
36,303
33,213
31,482
31,829
36,332
30,122
31,818
32,240
30,580
36,735
35,791
33,718
35,630
30,445
30,545
36,082
36,988
37,110
34,873
35,875
37,285
30,675
32,858
30,944
31,102
31,013
30,997
31,189
37,505
37,282
36,084
36,259
31,270
36,895
34,503
36,166
37,850
36,511
32,246
30,513
33,141
33,412
37,635
35,953
34,432
30,109
34,141
33,828
37,286
31,059
31,368
34,624
35,317
33,905
32,294
35,347
32,482
31,142
33,345
36,209
30,776
34,454
35,274
34,871
31,423
31,630
35,437
33,487
31,782
37,656
35,751
33,293
32,519
35,644
37,661
30,414
31,814
35,229
35,732
34,494
37,550
32,808
37,199
31,767
31,880
32,294
33,692
35,693
34,284
30,853
34,511
31,162
31,176
30,223
34,568
37,213
33,037
37,627
37,604
30,246
36,516
30,290
32,800
31,493
30,052
34,305
31,338
30,187
33,919
31,775
33,757
30,081
31,891
31,592
30,300
32,646
30,788
35,298
33,311
33,749
36,820
37,222
34,008
32,624
31,402
34,518
36,807
31,413
32,478
33,621
36,843
31,140
33,828
34,229
36,689
33,201
30,070
37,460
33,054
33,360
31,867
30,413
32,524
33,089
30,546
34,596
34,592
35,172
35,395
35,645
32,379
33,573
33,203
36,170
31,127
36,831
34,837
34,048
31,442
30,774
33,422
33,043
29,998
36,044
33,317
32,079
31,482
34,569
32,481
30,734
31,502
31,656
31,391
35,072
32,132
30,748
36,337
35,093
31,607
30,923
33,256
30,666
31,481
31,886
30,930
30,946
30,027
30,140
31,747
33,952
31,421
31,555
37,254
34,405
36,876
33,602
31,185
37,351
36,499
37,634
32,252
37,453
37,883
31,892
35,571
35,587
35,935
32,234
34,511
31,545
37,217
34,230
32,087
36,252
34,027
34,014
31,170
30,784
30,306
35,063
34,726
37,442
36,432
33,778
37,764
34,009
33,708
35,018
37,509
35,938
31,729
33,304
33,135
32,185
34,811
30,782
32,225
36,802
35,462
32,090
36,471
30,315
35,803
33,028
37,239
37,329
30,514
33,242
33,027
34,821
31,568
36,977
35,387
35,737
35,237
34,461
30,164
37,440
33,797
34,795
34,059
30,453
30,242
37,207
32,376
37,185
30,077
30,329
37,187
31,229
33,816
30,395
30,581
35,250
32,939
30,142
29,982
35,982
34,017
32,229
34,795
32,857
34,989
36,121
34,497
34,814
22,381
19,726
174,187
24,596
13,576
86,801
14,109
164,055
16,126
95,065
33,575
31,256
28,949
7,567
122,481
16,457
7,983
11,221
5,185
10,794
30,700
63,479
15,015
30,396
68,873
5,431
27,966
32,528
102,716
10,321
5,746
16,023
36,285
28,761
13,848
11,201
53,657
9,186
7,327
14,552
1,560,702
10,087
12,670
8,187
11,057
52,561
13,155
11,489
14,557
8,182
148,108
90,456
38,608
5,823
41,984
87,388
40,643
27,842
7,487
5,861
5,931
19,724
273,708
6,027
29,319
38,192
6,030
10,301
10,721
7,794
52,186
10,177
8,917
5,284
4,997,712
7,644
38,624
5,963
6,514
13,313
15,129
520,260
9,256
10,205
5,855
6,067
12,317
5,909
64,494
13,793
14,898
43,160
14,234
63,517
5,645
144,906
148,061
1,902,190
78,045
26,775
5,245
6,620
51,294
5,328
5,920
6,157
13,782
48,385
5,723
12,866
5,393
26,680
8,141
7,031
5,948
328,821
85,701
44,035
8,866
37,734
28,688
20,306
6,620
5,168
36,139
21,720
23,847
5,035
10,131
36,892
176,815
17,446
33,023
87,590
5,035
260,494
8,061
7,321
33,906
9,205
6,768
8,254
72,427
55,499
12,643
9,220
5,045
6,003
17,162
8,986
11,335
6,268
39,343
22,817
12,391
13,337
11,037
54,715
6,166
9,615
18,740
11,278
45,308
5,739
9,261
5,193
6,700
6,171
18,894
13,191
148,427
5,203
167,965
17,275
5,753
107,779
5,397
101,887
6,392
12,959
178,192
37,490
8,783
6,026
19,015
10,404
11,619
6,468
75,938
84,485
379,411
18,819
30,134
31,950
43,020
59,296
28,431
7,675
18,043
12,006
34,437
35,149
17,633
8,836
11,894
6,758
21,773
5,620
235,180
12,715
9,608
6,900
6,927
7,077
6,664
7,388
11,630
10,623
15,790
21,152
9,714
325,066
8,325
277,289
87,219
15,722
45,433
70,140
20,354
12,231
10,332
5,515
320,020
9,866
24,353
6,764
20,101
47,290
35,753
345,911
5,927
7,861
10,208
18,574
13,639
218,273
9,075
26,812
24,887
5,429
30,190
12,680
41,094
14,628
25,325
193,118
25,948
68,374
5,304
34,528
34,123
29,661
132,030
5,103
5,595
6,908
7,026
7,994
25,389
10,522
5,876
32,786
11,418
871,669
9,130
7,797
142,810
60,350
350,409
82,886
77,506
110,494
28,541
19,735
47,623
16,298
136,606
388,435
46,453
29,326
215,166
64,490
36,952
35,417
67,022
7,171
93,898
34,612
30,254
15,788
24,822
51,685
20,439
15,530
8,181
85,705
107,314
28,975
44,542
14,973
16,886
26,285
298,672
8,089
11,307
32,083
55,641
10,924
29,472
25,223
101,176
15,929
6,898
9,419
6,391
32,167
47,917
10,447
1,049,450
5,172
10,861
5,961
6,849
28,242
86,675
23,802
107,604
490,636
7,103
34,129
7,268
45,051
9,041
34,949
5,486
8,963
9,757
50,359
41,093
47,987
9,187
30,917
8,330
362,200
7,113
7,314
6,615
39,659
6,988
120,647
18,618
112,228
13,417
6,570
7,131
82,939
5,991
10,831
35,219
7,679
30,370
9,697
15,091
13,896
45,290
19,535
41,648
11,905
25,240
17,563
5,327
5,898
22,418
10,206
10,492
18,527
26,367
26,782
11,012
104,175
28,945
18,563
8,947
9,657
38,377
8,994
5,200
25,645
15,428
116,460
29,708
47,194
25,308
14,378
14,305
8,740
6,281
6,644
57,178
67,725
7,541
8,755
21,236
5,462
37,650
1,726,201
39,978
12,874
155,788
5,390
5,229
9,328
8,103
12,067
6,054
100,358
7,814
16,603
5,997
11,676
65,859
9,646
7,181
5,846
6,343
7,240
112,459
141,476
5,449
5,288
103,706
9,495
6,396
7,694
9,848
7,329
33,908
12,890
222,322
18,165
12,934
21,011
60,960
70,180
6,188
8,885
5,983
14,355
124,863
11,819
28,653
5,265
210,651
13,162
5,613
8,610
16,054
7,986
67,120
230,335
134,605
8,087
17,226
10,822
11,767
5,538
15,322
5,265
28,365
10,733
5,567
92,729
6,513
5,218
15,953
7,383
8,952
17,266
11,870
35,563
6,252
11,050
18,598
12,155
13,862
15,378
6,057
8,509
5,832
49,870
10,594
20,973
19,777
107,880
27,023
176,590
1,589,680
8,188
67,355
10,326
8,922
17,818
77,536
9,895
28,555
345,504
9,336
20,901
6,459
12,889
12,606
79,901
9,473
63,581
11,232
13,045
19,966
15,596
9,550
376,377
15,131
1,636,680
28,275
17,105
7,786
5,361
43,751
45,843
8,727
18,578
22,150
9,988
13,132
29,020
19,110
24,168
5,121
201,458
9,333
15,616
5,331
98,800
7,570
6,054
30,937
326,680
7,262
33,747
118,083
9,930
6,023
6,433
37,860
11,152
7,311
11,482
6,817
7,359
7,682
97,855
5,975
11,113
101,083
5,909
209,574
18,402
27,568
13,221
14,219
219,143
7,077
109,292
7,331
37,224
35,355
27,919
225,674
29,528
173,098
60,565
57,104
8,779
8,923
649,154
11,138
20,297
5,613
469,179
5,888
8,424
7,458
7,230
67,878
17,702
41,022
31,393
7,583
8,114
6,537
1,617,620
9,486
23,634
321,027
110,963
5,843
425,774
6,323
1,119,277
15,971
6,534
7,970
5,788
30,585
5,551
103,043
6,599
9,371
8,297
5,323
5,170
24,729
5,073
10,913
6,606
10,588
52,441
152,900
5,164
178,438
14,220
221,166
7,667
16,504
5,494
28,599
5,038
15,000
6,402
12,992
67,306
9,191
71,736
7,693
302,073
80,909
58,430
7,512
80,271
13,077
67,776
15,417
50,980
6,762
199,261
311,221
8,694
71,929
23,033
8,485
20,241
67,100
16,464
127,691
7,447
5,100
6,776
7,653
7,688
5,026
9,059
62,745
24,896
20,341
6,876
13,178
39,813
6,060
22,429
8,243
17,315
12,705
6,566
24,651
9,055
10,636
18,783
5,059
16,471
5,410
8,265
38,159
5,618
15,620
15,896
93,497
29,785
5,372
9,224
30,866
9,530
7,477
17,981
10,690
8,531
28,706
49,492
15,966
5,112
7,805
7,075
20,564
726,432
162,918
21,361
242,436
6,541
40,246
44,892
6,730
6,440
10,163
36,809
14,210
27,137
9,804
5,395
29,231
9,640
622,630
5,512
52,784
71,880
311,883
19,621
39,063
45,024
14,567
39,861
6,132
6,217
37,656
18,067
14,356
5,757
28,408
16,778
200,056
5,922
9,073
24,971
9,063
12,468
87,209
8,522
30,107
15,571
19,597
5,986
31,643
34,534
10,593
7,753
25,987
69,275
20,064
37,451
141,873
5,916
7,554
7,618
17,839
982,503
7,758
8,549
5,468
34,176
5,790
14,477
8,956
14,085
54,985
10,580
22,096
5,352
6,871
12,127
8,697
9,448
24,777
177,688
29,345
45,469
29,345
14,679
18,824
12,359
16,554
6,688
57,580
14,780
6,803
29,522
42,012
36,760
76,702
1,235,088
5,770
13,326
5,494
6,616
7,009
44,011
8,881
119,039
7,352
18,456
9,642
49,202
6,863
15,967
19,961
20,607
16,359
15,124
28,677
17,401
11,727
43,591
20,409
6,568
38,540
54,430
35,159
262,722
12,573
7,290
11,270
13,068
19,695
68,860
31,847
6,908
10,291
6,982
14,437
19,802
22,059
12,289
32,731
14,932
8,566
12,776
14,776
30,776
121,699
13,237
9,824
20,156
67,562
24,834
8,547
6,906
5,027
11,157
299,655
26,097
10,826
22,999
73,192
118,837
36,087
5,049
32,022
9,861
10,761
6,209
6,933
36,552
9,788
218,613
14,828
67,796
21,781
5,604
37,052
28,149
20,545
36,219
2,476,036
123,483
13,104
7,390
5,638
5,064
5,799
52,854
46,719
5,333
5,503
10,394
5,896
7,761
15,885
5,579
9,660
5,606
6,363
6,723
18,256
34,978
115,080
5,980
13,554
5,356
5,149
48,140
6,253
8,263
5,535
5,997
5,355
9,562
34,912
8,980
6,534
14,983
6,124
11,309
19,616
5,769
7,852
11,744
38,674
214,772
5,362
27,145
5,370
14,487
39,249
5,364
35,174
20,334
943,629
10,875
11,795
40,453
70,685
65,059
13,718
19,040
17,341
14,579
12,550
16,281
14,077
5,373
13,581
12,164
10,944
48,368
7,313
486,261
6,640
20,330
11,690
24,202
12,689
43,602
5,787
26,485
31,844
35,362
40,937
12,528
28,403
30,342
9,627
15,181
6,816
62,167
14,634
11,972
8,448
17,911
11,013
11,406
11,610
48,491
35,825
98,889
28,141
23,052
64,749
39,366
9,388
13,214
45,281
28,258
14,423
12,781
5,731
14,218
14,007
6,008
7,856
15,565
99,969
122,743
15,213
10,139
6,227
19,656
7,496
11,944
226,539
11,649
10,295
6,315
6,472
5,960
28,767
9,635
6,453
25,955
26,049
69,411
14,755
87,165
14,193
18,203
5,507
5,937
292,203
109,769
219,159
25,170
8,972
6,536
7,668
41,705
7,103
43,313
26,608
8,015
7,336
5,959
12,050
176,069
18,695
10,856
17,829
17,375
8,541
19,780
95,865
103,701
15,116
8,622
7,467
154,443
26,915
80,385
16,073
11,104
14,053
7,043
5,603
29,901
6,993
47,150
5,062
9,799
13,267
5,426
5,855
42,588
15,449
13,945
9,143
601,108
52,992
37,374
20,592
118,872
60,302